1,72,46,0,1
1,73,46,0,1
3,74,43,1,1
3,75,43,1,1
3,76,43,1,1
3,77,43,1,1
1,74,46,0,1
1,75,46,0,1
1,76,46,0,1
1,77,46,0,1
1,78,46,0,1
1,79,46,0,1
1,80,46,0,1
1,81,46,0,1
1,82,46,0,1
1,83,46,0,1
4,84,45,2,1
0,84,46,2,1
0,84,47,2,1
0,84,48,2,1
0,84,49,2,1
0,84,50,2,1
0,84,51,2,1
0,82,47,2,1
0,82,48,2,1
0,82,49,2,1
0,82,50,2,1
0,82,51,2,1
0,80,47,2,1
0,80,48,2,1
0,80,49,2,1
0,80,50,2,1
0,80,51,2,1
0,78,47,2,1
0,78,48,2,1
0,78,49,2,1
0,78,50,2,1
0,78,51,2,1
0,76,47,2,1
0,76,48,2,1
0,76,49,2,1
0,76,50,2,1
0,76,51,2,1
0,74,47,2,1
0,74,48,2,1
0,74,49,2,1
0,74,50,2,1
0,74,51,2,1
0,72,47,2,1
0,72,48,2,1
0,72,49,2,1
0,72,50,2,1
0,72,51,2,1
0,73,47,3,1
0,73,48,3,1
0,73,49,3,1
0,73,50,3,1
0,73,51,3,1
0,75,47,3,1
0,75,48,3,1
0,75,49,3,1
0,75,50,3,1
0,75,51,3,1
0,77,47,3,1
0,77,48,3,1
0,77,49,3,1
0,77,50,3,1
0,77,51,3,1
0,79,47,3,1
0,79,48,3,1
0,79,49,3,1
0,79,50,3,1
0,79,51,3,1
0,81,47,3,1
0,81,48,3,1
0,81,49,3,1
0,81,50,3,1
0,81,51,3,1
0,83,47,3,1
0,83,48,3,1
0,83,49,3,1
0,83,50,3,1
0,83,51,3,1
0,85,45,3,1
0,85,46,3,1
0,85,47,3,1
0,85,48,3,1
0,85,49,3,1
0,85,50,3,1
0,85,51,3,1
0,75,39,3,1
0,75,40,3,1
0,75,41,3,1
0,75,42,3,1
0,77,39,3,1
0,77,40,3,1
0,77,41,3,1
0,77,42,3,1
0,79,39,3,1
0,79,40,3,1
0,75,32,3,1
0,75,33,3,1
0,75,34,3,1
0,75,35,3,1
0,75,36,3,1
0,75,37,3,1
0,75,38,3,1
0,77,32,3,1
0,77,33,3,1
0,77,34,3,1
0,77,35,3,1
0,77,36,3,1
0,77,37,3,1
0,77,38,3,1
0,79,32,3,1
0,79,33,3,1
0,79,34,3,1
0,79,35,3,1
0,79,36,3,1
0,79,37,3,1
0,79,38,3,1
0,74,32,2,1
0,74,33,2,1
0,74,34,2,1
0,74,35,2,1
0,74,36,2,1
0,74,37,2,1
0,74,38,2,1
0,74,39,2,1
0,74,40,2,1
0,74,41,2,1
0,74,42,2,1
0,76,32,2,1
0,76,33,2,1
0,76,34,2,1
0,76,35,2,1
0,76,36,2,1
0,76,37,2,1
0,76,38,2,1
0,76,39,2,1
0,76,40,2,1
0,76,41,2,1
0,76,42,2,1
0,78,32,2,1
0,78,33,2,1
0,78,34,2,1
0,78,35,2,1
0,78,36,2,1
0,78,37,2,1
0,78,38,2,1
0,78,39,2,1
0,78,40,2,1
0,78,41,2,1
5,79,41,1,1
5,78,43,1,1
2,78,42,2,1
5,80,39,1,1
3,81,38,1,1
0,80,32,2,1
0,80,33,2,1
0,80,34,2,1
0,80,35,2,1
0,80,36,2,1
0,80,37,2,1
0,80,38,2,1
0,81,32,3,1
0,81,33,3,1
0,81,34,3,1
0,81,35,3,1
0,81,36,3,1
0,81,37,3,1
1,85,44,0,1
1,86,44,0,1
5,84,44,0,1
5,87,44,0,1
2,87,45,3,1
2,87,46,3,1
2,87,47,3,1
1,88,48,0,1
1,89,48,0,1
1,91,48,0,1
0,86,45,2,1
0,86,46,2,1
0,86,47,2,1
0,86,48,2,1
0,86,49,2,1
0,86,50,2,1
0,86,51,2,1
0,87,48,3,1
0,87,49,3,1
0,87,50,3,1
0,87,51,3,1
0,89,49,3,1
0,89,50,3,1
0,89,51,3,1
0,91,49,3,1
0,91,50,3,1
0,91,51,3,1
4,92,47,2,1
5,92,46,0,1
1,93,46,0,1
4,94,45,2,1
5,94,44,0,1
1,95,44,0,1
1,96,44,0,1
1,97,44,0,1
1,98,44,0,1
1,99,44,0,1
1,100,44,0,1
1,101,44,0,1
4,102,43,2,1
5,102,42,0,1
1,103,42,0,1
1,104,42,0,1
1,105,42,0,1
1,106,42,0,1
1,107,42,0,1
1,108,42,0,1
1,109,42,0,1
1,110,42,0,1
1,111,42,0,1
1,112,42,0,1
1,113,42,0,1
1,114,42,0,1
1,115,42,0,1
1,116,42,0,1
1,117,42,0,1
1,118,42,0,1
4,119,31,3,1
4,119,32,3,1
4,119,33,3,1
4,119,34,3,1
4,119,35,3,1
4,119,36,3,1
4,119,37,3,1
4,119,38,3,1
4,119,39,3,1
4,119,40,3,1
4,119,41,3,1
1,90,48,0,1
0,88,49,2,1
0,88,50,2,1
0,88,51,2,1
0,90,49,2,1
0,90,50,2,1
0,90,51,2,1
0,92,48,2,1
0,92,49,2,1
0,92,50,2,1
0,92,51,2,1
0,94,46,2,1
0,94,47,2,1
0,94,48,2,1
0,94,49,2,1
0,94,50,2,1
0,94,51,2,1
0,96,45,2,1
0,96,46,2,1
0,96,47,2,1
0,96,48,2,1
0,96,49,2,1
0,96,50,2,1
0,96,51,2,1
0,98,45,2,1
0,98,46,2,1
0,98,47,2,1
0,98,48,2,1
0,98,49,2,1
0,98,50,2,1
0,100,45,2,1
0,100,46,2,1
0,100,47,2,1
0,100,48,2,1
0,100,49,2,1
0,100,50,2,1
0,100,51,2,1
0,102,44,2,1
0,102,45,2,1
0,102,46,2,1
0,102,47,2,1
0,102,48,2,1
0,102,49,2,1
0,102,50,2,1
0,102,51,2,1
0,104,43,2,1
0,104,44,2,1
0,104,45,2,1
0,104,46,2,1
0,104,47,2,1
0,104,48,2,1
0,104,49,2,1
0,104,50,2,1
0,104,51,2,1
0,106,43,2,1
0,106,44,2,1
0,106,45,2,1
0,106,46,2,1
0,106,47,2,1
0,106,48,2,1
0,106,49,2,1
0,106,50,2,1
0,106,51,2,1
0,108,43,2,1
0,108,44,2,1
0,108,45,2,1
0,108,46,2,1
0,108,47,2,1
0,108,48,2,1
0,108,49,2,1
0,108,50,2,1
0,108,51,2,1
0,110,43,2,1
0,110,44,2,1
0,110,45,2,1
0,110,46,2,1
0,110,47,2,1
0,110,48,2,1
0,110,49,2,1
0,110,50,2,1
0,110,51,2,1
0,112,43,2,1
0,112,44,2,1
0,112,45,2,1
0,112,46,2,1
0,112,47,2,1
0,112,48,2,1
0,112,49,2,1
0,112,50,2,1
0,112,51,2,1
0,114,43,2,1
0,114,44,2,1
0,114,45,2,1
0,114,46,2,1
0,114,47,2,1
0,114,48,2,1
0,114,49,2,1
0,114,50,2,1
0,114,51,2,1
0,116,43,2,1
0,116,44,2,1
0,116,45,2,1
0,116,46,2,1
0,116,47,2,1
0,116,48,2,1
0,116,49,2,1
0,116,50,2,1
0,116,51,2,1
0,118,43,2,1
0,118,44,2,1
0,118,45,2,1
0,118,46,2,1
0,118,47,2,1
0,118,48,2,1
0,118,49,2,1
0,118,50,2,1
0,118,51,2,1
0,120,31,2,1
0,120,32,2,1
0,120,33,2,1
0,120,34,2,1
0,120,35,2,1
0,120,36,2,1
0,120,37,2,1
0,120,38,2,1
0,120,39,2,1
0,120,40,2,1
0,120,41,2,1
0,122,31,2,1
0,122,32,2,1
0,122,33,2,1
0,122,34,2,1
0,122,35,2,1
0,122,36,2,1
0,122,37,2,1
0,122,38,2,1
0,122,39,2,1
0,122,40,2,1
0,122,41,2,1
0,124,31,2,1
0,124,32,2,1
0,124,33,2,1
0,124,34,2,1
0,124,35,2,1
0,124,36,2,1
0,124,37,2,1
0,124,38,2,1
0,124,39,2,1
0,124,40,2,1
0,124,41,2,1
0,125,31,3,1
0,125,32,3,1
0,125,33,3,1
0,125,34,3,1
0,125,35,3,1
0,125,36,3,1
0,125,37,3,1
0,125,38,3,1
0,125,39,3,1
0,125,40,3,1
0,125,41,3,1
0,123,31,3,1
0,123,32,3,1
0,123,33,3,1
0,123,34,3,1
0,123,35,3,1
0,123,36,3,1
0,123,37,3,1
0,123,38,3,1
0,123,39,3,1
0,123,40,3,1
0,123,41,3,1
0,121,31,3,1
0,121,32,3,1
0,121,33,3,1
0,121,34,3,1
0,121,35,3,1
0,121,36,3,1
0,121,37,3,1
0,121,38,3,1
0,121,39,3,1
0,121,40,3,1
0,121,41,3,1
0,117,43,3,1
0,117,44,3,1
0,117,45,3,1
0,117,46,3,1
0,117,47,3,1
0,117,48,3,1
0,117,49,3,1
0,117,50,3,1
0,117,51,3,1
0,115,43,3,1
0,115,44,3,1
0,115,45,3,1
0,115,46,3,1
0,115,47,3,1
0,115,48,3,1
0,115,49,3,1
0,115,50,3,1
0,115,51,3,1
0,113,43,3,1
0,113,44,3,1
0,113,45,3,1
0,113,46,3,1
0,113,47,3,1
0,113,48,3,1
0,113,49,3,1
0,113,50,3,1
0,113,51,3,1
0,111,43,3,1
0,111,44,3,1
0,111,45,3,1
0,111,46,3,1
0,111,47,3,1
0,111,48,3,1
0,111,49,3,1
0,111,50,3,1
0,111,51,3,1
0,109,43,3,1
0,109,44,3,1
0,109,45,3,1
0,109,46,3,1
0,109,47,3,1
0,109,48,3,1
0,109,49,3,1
0,109,50,3,1
0,109,51,3,1
0,107,43,3,1
0,107,44,3,1
0,107,45,3,1
0,107,46,3,1
0,107,47,3,1
0,107,48,3,1
0,107,49,3,1
0,107,50,3,1
0,107,51,3,1
0,105,43,3,1
0,105,44,3,1
0,105,45,3,1
0,105,46,3,1
0,105,47,3,1
0,105,48,3,1
0,105,49,3,1
0,105,50,3,1
0,105,51,3,1
0,103,43,3,1
0,103,44,3,1
0,103,45,3,1
0,103,46,3,1
0,103,47,3,1
0,103,48,3,1
0,103,49,3,1
0,103,50,3,1
0,103,51,3,1
0,101,45,3,1
0,101,46,3,1
0,101,47,3,1
0,101,48,3,1
0,101,49,3,1
0,101,50,3,1
0,101,51,3,1
0,99,45,3,1
0,99,46,3,1
0,99,47,3,1
0,99,48,3,1
0,99,49,3,1
0,99,50,3,1
0,99,51,3,1
0,97,45,3,1
0,97,46,3,1
0,97,47,3,1
0,97,48,3,1
0,97,49,3,1
0,97,50,3,1
0,97,51,3,1
0,95,45,3,1
0,95,46,3,1
0,95,47,3,1
0,95,48,3,1
0,95,49,3,1
0,95,50,3,1
0,95,51,3,1
0,93,47,3,1
0,93,48,3,1
0,93,49,3,1
0,93,50,3,1
0,93,51,3,1
8,118,41,0,1
8,118,40,0,1
8,118,39,0,1
8,118,38,0,1
8,118,37,0,1
0,98,51,2,1
3,103,36,1,1
3,104,36,1,1
3,108,36,1,1
3,109,36,1,1
3,110,36,1,1
3,111,36,1,1
3,112,36,1,1
3,113,36,1,1
3,114,36,1,1
3,115,36,1,1
3,116,36,1,1
5,117,36,1,1
8,118,36,0,1
8,118,32,0,1
8,118,33,0,1
8,118,34,0,1
8,118,35,0,1
3,101,37,1,1
3,100,37,1,1
5,102,37,1,1
0,102,36,2,1
0,100,36,2,1
0,101,36,3,1
0,99,38,3,1
3,97,38,1,1
3,98,38,1,1
5,99,39,1,1
2,96,39,2,1
2,96,40,2,1
5,96,41,1,1
3,95,41,1,1
5,94,41,1,1
3,93,40,1,1
3,92,40,1,1
5,91,41,1,1
5,90,43,1,1
0,90,42,2,1
0,90,34,2,1
0,90,35,2,1
0,90,36,2,1
0,90,37,2,1
0,90,38,2,1
0,90,39,2,1
0,90,40,2,1
0,90,41,2,1
0,92,34,2,1
0,92,35,2,1
0,92,36,2,1
0,92,37,2,1
0,92,38,2,1
0,92,39,2,1
0,94,34,2,1
0,94,35,2,1
0,94,36,2,1
0,94,37,2,1
0,94,38,2,1
0,94,39,2,1
0,94,40,2,1
0,96,33,2,1
0,96,34,2,1
0,96,35,2,1
3,106,36,1,1
3,107,36,1,1
0,95,34,3,1
0,95,35,3,1
0,95,36,3,1
0,95,37,3,1
0,95,38,3,1
0,95,39,3,1
0,95,40,3,1
0,97,33,3,1
0,97,34,3,1
0,97,35,3,1
0,97,36,3,1
0,97,37,3,1
0,99,33,3,1
0,99,34,3,1
0,99,35,3,1
0,99,36,3,1
0,99,37,3,1
0,96,36,2,1
0,96,37,2,1
0,96,38,2,1
0,98,33,2,1
0,98,34,2,1
0,98,35,2,1
0,98,36,2,1
0,98,37,2,1
0,93,34,3,1
0,93,35,3,1
0,93,36,3,1
0,93,37,3,1
0,93,38,3,1
0,93,39,3,1
0,91,34,3,1
0,91,35,3,1
0,91,36,3,1
0,91,37,3,1
0,91,38,3,1
0,91,39,3,1
0,91,40,3,1
0,89,34,3,1
0,89,35,3,1
0,89,36,3,1
0,89,37,3,1
0,89,38,3,1
0,89,39,3,1
0,89,40,3,1
0,88,34,2,1
0,88,35,2,1
0,88,36,2,1
0,88,37,2,1
0,88,38,2,1
0,87,33,3,1
0,87,34,3,1
0,87,35,3,1
0,87,36,3,1
0,86,37,2,1
0,68,24,2,1
0,85,34,3,1
0,85,35,3,1
0,85,36,3,1
3,85,37,1,1
3,87,37,1,1
5,86,38,1,1
5,88,39,1,1
5,89,41,1,1
5,84,39,1,1
2,84,38,2,1
0,84,34,2,1
0,84,35,2,1
0,84,36,2,1
0,84,37,2,1
3,83,39,1,1
3,82,40,1,1
0,82,34,2,1
0,82,35,2,1
0,82,36,2,1
0,82,37,2,1
0,82,38,2,1
0,82,39,2,1
0,86,34,2,1
0,86,35,2,1
0,86,36,2,1
0,83,34,3,1
0,83,35,3,1
0,83,36,3,1
0,83,37,3,1
0,83,38,3,1
0,79,19,2,1
0,100,33,2,1
0,100,34,2,1
0,100,35,2,1
0,101,33,3,1
0,101,34,3,1
0,101,35,3,1
0,103,33,3,1
0,103,34,3,1
0,103,35,3,1
0,105,33,3,1
0,105,34,3,1
0,105,35,3,1
0,107,33,3,1
0,107,34,3,1
0,107,35,3,1
0,109,33,3,1
0,109,34,3,1
0,109,35,3,1
0,111,33,3,1
0,111,34,3,1
0,111,35,3,1
0,113,33,3,1
0,113,34,3,1
0,113,35,3,1
0,115,33,3,1
0,115,34,3,1
0,115,35,3,1
0,117,33,3,1
0,117,34,3,1
0,117,35,3,1
0,106,35,2,1
0,106,34,2,1
0,106,33,2,1
0,105,36,1,1
0,102,33,2,1
0,102,34,2,1
0,102,35,2,1
0,104,33,2,1
0,104,34,2,1
0,104,35,2,1
0,108,33,2,1
0,108,34,2,1
0,108,35,2,1
0,110,33,2,1
0,110,34,2,1
0,110,35,2,1
0,112,33,2,1
0,112,34,2,1
0,112,35,2,1
0,114,33,2,1
0,114,34,2,1
0,114,35,2,1
0,116,33,2,1
0,116,34,2,1
0,116,35,2,1
0,119,42,3,1
0,119,43,3,1
0,119,44,3,1
0,119,45,3,1
0,119,46,3,1
0,119,47,3,1
0,119,48,3,1
0,119,49,3,1
0,119,50,3,1
0,119,51,3,1
0,121,42,3,1
0,121,43,3,1
0,121,44,3,1
0,121,45,3,1
0,121,46,3,1
0,121,47,3,1
0,121,48,3,1
0,121,49,3,1
0,121,50,3,1
0,121,51,3,1
0,123,42,3,1
0,123,43,3,1
0,123,44,3,1
0,123,45,3,1
0,123,46,3,1
0,123,47,3,1
0,123,48,3,1
0,123,49,3,1
0,123,50,3,1
0,123,51,3,1
0,125,42,3,1
0,125,43,3,1
0,125,44,3,1
0,125,45,3,1
0,125,46,3,1
0,125,47,3,1
0,125,48,3,1
0,125,49,3,1
0,125,50,3,1
0,125,51,3,1
0,127,31,3,1
0,127,32,3,1
0,127,33,3,1
0,127,34,3,1
0,127,35,3,1
0,127,36,3,1
0,127,37,3,1
0,127,38,3,1
0,127,39,3,1
0,127,40,3,1
0,127,41,3,1
0,127,42,3,1
0,127,43,3,1
0,127,44,3,1
0,127,45,3,1
0,127,46,3,1
0,127,47,3,1
0,127,48,3,1
0,127,49,3,1
0,127,50,3,1
0,127,51,3,1
0,129,30,3,1
0,129,31,3,1
0,129,32,3,1
0,129,33,3,1
0,129,34,3,1
0,129,35,3,1
0,129,36,3,1
0,129,37,3,1
0,129,38,3,1
0,129,39,3,1
0,129,40,3,1
0,129,41,3,1
0,129,42,3,1
0,129,43,3,1
0,129,44,3,1
0,129,45,3,1
0,129,46,3,1
0,129,47,3,1
0,129,48,3,1
0,129,49,3,1
0,129,50,3,1
0,129,51,3,1
0,128,31,2,1
0,128,32,2,1
0,128,33,2,1
0,128,34,2,1
0,128,35,2,1
0,128,36,2,1
0,128,37,2,1
0,128,38,2,1
0,128,39,2,1
0,128,40,2,1
0,128,41,2,1
0,128,42,2,1
0,128,43,2,1
0,128,44,2,1
0,128,45,2,1
0,128,46,2,1
0,128,47,2,1
0,128,48,2,1
0,128,49,2,1
0,128,50,2,1
0,128,51,2,1
0,126,31,2,1
0,126,32,2,1
0,126,33,2,1
0,126,34,2,1
0,126,35,2,1
0,126,36,2,1
0,126,37,2,1
0,126,38,2,1
0,126,39,2,1
0,126,40,2,1
0,126,41,2,1
0,126,42,2,1
0,126,43,2,1
0,126,44,2,1
0,126,45,2,1
0,126,46,2,1
0,126,47,2,1
0,126,48,2,1
0,126,49,2,1
0,126,50,2,1
0,126,51,2,1
0,124,42,2,1
0,124,43,2,1
0,124,44,2,1
0,124,45,2,1
0,124,46,2,1
0,124,47,2,1
0,124,48,2,1
0,124,49,2,1
0,124,50,2,1
0,124,51,2,1
0,122,42,2,1
0,122,43,2,1
0,122,44,2,1
0,122,45,2,1
0,122,46,2,1
0,122,47,2,1
0,122,48,2,1
0,122,49,2,1
0,122,50,2,1
0,122,51,2,1
0,120,42,2,1
0,120,43,2,1
0,120,44,2,1
0,120,45,2,1
0,120,46,2,1
0,120,47,2,1
0,120,48,2,1
0,120,49,2,1
0,120,50,2,1
0,120,51,2,1
0,69,32,12,2
0,69,33,12,2
0,69,34,12,2
0,69,35,12,2
0,69,36,12,2
0,69,37,12,2
0,69,38,12,2
0,69,39,12,2
0,69,40,12,2
0,69,41,12,2
0,69,42,12,2
0,69,43,12,2
0,69,44,12,2
0,69,45,12,2
0,69,46,12,2
0,69,47,12,2
0,69,48,12,2
0,69,49,12,2
0,69,50,12,2
0,69,51,12,2
0,69,52,12,2
0,69,53,12,2
0,70,32,12,2
0,70,33,12,2
0,70,34,12,2
0,70,35,12,2
0,70,36,12,2
0,70,37,12,2
0,70,38,12,2
0,70,39,12,2
0,70,40,12,2
0,70,41,12,2
0,70,42,12,2
0,70,43,12,2
0,70,44,12,2
0,70,45,12,2
0,70,46,12,2
0,70,47,12,2
0,70,48,12,2
0,70,49,12,2
0,70,50,12,2
0,70,51,12,2
0,70,52,12,2
0,70,53,12,2
0,71,32,12,2
0,71,33,12,2
0,71,34,12,2
0,71,35,12,2
0,71,36,12,2
0,71,37,12,2
0,71,38,12,2
0,71,39,12,2
0,71,40,12,2
0,71,41,12,2
0,71,42,12,2
0,71,43,12,2
0,71,44,12,2
0,71,45,12,2
0,71,46,12,2
0,71,47,12,2
0,71,48,12,2
0,71,49,12,2
0,71,50,12,2
0,71,51,12,2
0,71,52,12,2
0,71,53,12,2
0,72,32,12,2
0,72,33,12,2
0,72,34,12,2
0,72,35,12,2
0,72,36,12,2
0,72,37,12,2
0,72,38,12,2
0,72,39,12,2
0,72,40,12,2
0,72,41,12,2
0,72,42,12,2
0,72,43,12,2
0,72,44,12,2
0,72,45,12,2
0,72,46,12,2
0,72,47,12,2
0,72,48,12,2
0,72,49,12,2
0,72,50,12,2
0,72,51,12,2
0,72,52,12,2
0,72,53,12,2
0,73,32,12,2
0,73,33,12,2
0,73,34,12,2
0,73,35,12,2
0,73,36,12,2
0,73,37,12,2
0,73,38,12,2
0,73,39,12,2
0,73,40,12,2
0,73,41,12,2
0,73,42,12,2
0,73,43,12,2
0,73,44,12,2
0,73,45,12,2
0,73,46,12,2
0,73,47,12,2
0,73,48,12,2
0,73,49,12,2
0,73,50,12,2
0,73,51,12,2
0,73,52,12,2
0,73,53,12,2
0,74,32,12,2
0,74,33,12,2
0,74,34,12,2
0,74,35,12,2
0,74,36,12,2
0,74,37,12,2
0,74,38,12,2
0,74,39,12,2
0,74,40,12,2
0,74,41,12,2
0,74,42,12,2
0,74,43,12,2
0,74,44,12,2
0,74,45,12,2
0,74,46,12,2
0,74,47,12,2
0,74,48,12,2
0,74,49,12,2
0,74,50,12,2
0,74,51,12,2
0,74,52,12,2
0,74,53,12,2
0,75,32,12,2
0,75,33,12,2
0,75,34,12,2
0,75,35,12,2
0,75,36,12,2
0,75,37,12,2
0,75,38,12,2
0,75,39,12,2
0,75,40,12,2
0,75,41,12,2
0,75,42,12,2
0,75,43,12,2
0,75,44,12,2
0,75,45,12,2
0,75,46,12,2
0,75,47,12,2
0,75,48,12,2
0,75,49,12,2
0,75,50,12,2
0,75,51,12,2
0,75,52,12,2
0,75,53,12,2
0,76,32,12,2
0,76,33,12,2
0,76,34,12,2
0,76,35,12,2
0,76,36,12,2
0,76,37,12,2
0,76,38,12,2
0,76,39,12,2
0,76,40,12,2
0,76,41,12,2
0,76,42,12,2
0,76,43,12,2
0,76,44,12,2
0,76,45,12,2
0,76,46,12,2
0,76,47,12,2
0,76,48,12,2
0,76,49,12,2
0,76,50,12,2
0,76,51,12,2
0,76,52,12,2
0,76,53,12,2
0,77,32,12,2
0,77,33,12,2
0,77,34,12,2
0,77,35,12,2
0,77,36,12,2
0,77,37,12,2
0,77,38,12,2
0,77,39,12,2
0,77,40,12,2
0,77,41,12,2
0,77,42,12,2
0,77,43,12,2
0,77,44,12,2
0,77,45,12,2
0,77,46,12,2
0,77,47,12,2
0,77,48,12,2
0,77,49,12,2
0,77,50,12,2
0,77,51,12,2
0,77,52,12,2
0,77,53,12,2
0,78,32,12,2
0,78,33,12,2
0,78,34,12,2
0,78,35,12,2
0,78,36,12,2
0,78,37,12,2
0,78,38,12,2
0,78,39,12,2
0,78,40,12,2
0,78,41,12,2
0,78,42,12,2
0,78,43,12,2
0,78,44,12,2
0,78,45,12,2
0,78,46,12,2
0,78,47,12,2
0,78,48,12,2
0,78,49,12,2
0,78,50,12,2
0,78,51,12,2
0,78,52,12,2
0,78,53,12,2
0,79,32,12,2
0,79,33,12,2
0,79,34,12,2
0,79,35,12,2
0,79,36,12,2
0,79,37,12,2
0,79,38,12,2
0,79,39,12,2
0,79,40,12,2
0,79,41,12,2
0,79,42,12,2
0,79,43,12,2
0,79,44,12,2
0,79,45,12,2
0,79,46,12,2
0,79,47,12,2
0,79,48,12,2
0,79,49,12,2
0,79,50,12,2
0,79,51,12,2
0,79,52,12,2
0,79,53,12,2
0,80,32,12,2
0,80,33,12,2
0,80,34,12,2
0,80,35,12,2
0,80,36,12,2
0,80,37,12,2
0,80,38,12,2
0,80,39,12,2
0,80,40,12,2
0,80,41,12,2
0,80,42,12,2
0,80,43,12,2
0,80,44,12,2
0,80,45,12,2
0,80,46,12,2
0,80,47,12,2
0,80,48,12,2
0,80,49,12,2
0,80,50,12,2
0,80,51,12,2
0,80,52,12,2
0,80,53,12,2
0,81,32,12,2
0,81,33,12,2
0,81,34,12,2
0,81,35,12,2
0,81,36,12,2
0,81,37,12,2
0,81,38,12,2
0,81,39,12,2
0,81,40,12,2
0,81,41,12,2
0,81,42,12,2
0,81,43,12,2
0,81,44,12,2
0,81,45,12,2
0,81,46,12,2
0,81,47,12,2
0,81,48,12,2
0,81,49,12,2
0,81,50,12,2
0,81,51,12,2
0,81,52,12,2
0,81,53,12,2
0,82,32,12,2
0,82,33,12,2
0,82,34,12,2
0,82,35,12,2
0,82,36,12,2
0,82,37,12,2
0,82,38,12,2
0,82,39,12,2
0,82,40,12,2
0,82,41,12,2
0,82,42,12,2
0,82,43,12,2
0,82,44,12,2
0,82,45,12,2
0,82,46,12,2
0,82,47,12,2
0,82,48,12,2
0,82,49,12,2
0,82,50,12,2
0,82,51,12,2
0,82,52,12,2
0,82,53,12,2
0,83,32,12,2
0,83,33,12,2
0,83,34,12,2
0,83,35,12,2
0,83,36,12,2
0,83,37,12,2
0,83,38,12,2
0,83,39,12,2
0,83,40,12,2
0,83,41,12,2
0,83,42,12,2
0,83,43,12,2
0,83,44,12,2
0,83,45,12,2
0,83,46,12,2
0,83,47,12,2
0,83,48,12,2
0,83,49,12,2
0,83,50,12,2
0,83,51,12,2
0,83,52,12,2
0,83,53,12,2
0,84,32,12,2
0,84,33,12,2
0,84,34,12,2
0,84,35,12,2
0,84,36,12,2
0,84,37,12,2
0,84,38,12,2
0,84,39,12,2
0,84,40,12,2
0,84,41,12,2
0,84,42,12,2
0,84,43,12,2
0,84,44,12,2
0,84,45,12,2
0,84,46,12,2
0,84,47,12,2
0,84,48,12,2
0,84,49,12,2
0,84,50,12,2
0,84,51,12,2
0,84,52,12,2
0,84,53,12,2
0,85,32,12,2
0,85,33,12,2
0,85,34,12,2
0,85,35,12,2
0,85,36,12,2
0,85,37,12,2
0,85,38,12,2
0,85,39,12,2
0,85,40,12,2
0,85,41,12,2
0,85,42,12,2
0,85,43,12,2
0,85,44,12,2
0,85,45,12,2
0,85,46,12,2
0,85,47,12,2
0,85,48,12,2
0,85,49,12,2
0,85,50,12,2
0,85,51,12,2
0,85,52,12,2
0,85,53,12,2
0,86,32,12,2
0,86,33,12,2
0,86,34,12,2
0,86,35,12,2
0,86,36,12,2
0,86,37,12,2
0,86,38,12,2
0,86,39,12,2
0,86,40,12,2
0,86,41,12,2
0,86,42,12,2
0,86,43,12,2
0,86,44,12,2
0,86,45,12,2
0,86,46,12,2
0,86,47,12,2
0,86,48,12,2
0,86,49,12,2
0,86,50,12,2
0,86,51,12,2
0,86,52,12,2
0,86,53,12,2
0,87,32,12,2
0,87,33,12,2
0,87,34,12,2
0,87,35,12,2
0,87,36,12,2
0,87,37,12,2
0,87,38,12,2
0,87,39,12,2
0,87,40,12,2
0,87,41,12,2
0,87,42,12,2
0,87,43,12,2
0,87,44,12,2
0,87,45,12,2
0,87,46,12,2
0,87,47,12,2
0,87,48,12,2
0,87,49,12,2
0,87,50,12,2
0,87,51,12,2
0,87,52,12,2
0,87,53,12,2
0,88,32,12,2
0,88,33,12,2
0,88,34,12,2
0,88,35,12,2
0,88,36,12,2
0,88,37,12,2
0,88,38,12,2
0,88,39,12,2
0,88,40,12,2
0,88,41,12,2
0,88,42,12,2
0,88,43,12,2
0,88,44,12,2
0,88,45,12,2
0,88,46,12,2
0,88,47,12,2
0,88,48,12,2
0,88,49,12,2
0,88,50,12,2
0,88,51,12,2
0,88,52,12,2
0,88,53,12,2
0,89,32,12,2
0,89,33,12,2
0,89,34,12,2
0,89,35,12,2
0,89,36,12,2
0,89,37,12,2
0,89,38,12,2
0,89,39,12,2
0,89,40,12,2
0,89,41,12,2
0,89,42,12,2
0,89,43,12,2
0,89,44,12,2
0,89,45,12,2
0,89,46,12,2
0,89,47,12,2
0,89,48,12,2
0,89,49,12,2
0,89,50,12,2
0,89,51,12,2
0,89,52,12,2
0,89,53,12,2
0,90,32,12,2
0,90,33,12,2
0,90,34,12,2
0,90,35,12,2
0,90,36,12,2
0,90,37,12,2
0,90,38,12,2
0,90,39,12,2
0,90,40,12,2
0,90,41,12,2
0,90,42,12,2
0,90,43,12,2
0,90,44,12,2
0,90,45,12,2
0,90,46,12,2
0,90,47,12,2
0,90,48,12,2
0,90,49,12,2
0,90,50,12,2
0,90,51,12,2
0,90,52,12,2
0,90,53,12,2
0,91,32,12,2
0,91,33,12,2
0,91,34,12,2
0,91,35,12,2
0,91,36,12,2
0,91,37,12,2
0,91,38,12,2
0,91,39,12,2
0,91,40,12,2
0,91,41,12,2
0,91,42,12,2
0,91,43,12,2
0,91,44,12,2
0,91,45,12,2
0,91,46,12,2
0,91,47,12,2
0,91,48,12,2
0,91,49,12,2
0,91,50,12,2
0,91,51,12,2
0,91,52,12,2
0,91,53,12,2
0,92,32,12,2
0,92,33,12,2
0,92,34,12,2
0,92,35,12,2
0,92,36,12,2
0,92,37,12,2
0,92,38,12,2
0,92,39,12,2
0,92,40,12,2
0,92,41,12,2
0,92,42,12,2
0,92,43,12,2
0,92,44,12,2
0,92,45,12,2
0,92,46,12,2
0,92,47,12,2
0,92,48,12,2
0,92,49,12,2
0,92,50,12,2
0,92,51,12,2
0,92,52,12,2
0,92,53,12,2
0,93,32,12,2
0,93,33,12,2
0,93,34,12,2
0,93,35,12,2
0,93,36,12,2
0,93,37,12,2
0,93,38,12,2
0,93,39,12,2
0,93,40,12,2
0,93,41,12,2
0,93,42,12,2
0,93,43,12,2
0,93,44,12,2
0,93,45,12,2
0,93,46,12,2
0,93,47,12,2
0,93,48,12,2
0,93,49,12,2
0,93,50,12,2
0,93,51,12,2
0,93,52,12,2
0,93,53,12,2
0,94,32,12,2
0,94,33,12,2
0,94,34,12,2
0,94,35,12,2
0,94,36,12,2
0,94,37,12,2
0,94,38,12,2
0,94,39,12,2
0,94,40,12,2
0,94,41,12,2
0,94,42,12,2
0,94,43,12,2
0,94,44,12,2
0,94,45,12,2
0,94,46,12,2
0,94,47,12,2
0,94,48,12,2
0,94,49,12,2
0,94,50,12,2
0,94,51,12,2
0,94,52,12,2
0,94,53,12,2
0,95,32,12,2
0,95,33,12,2
0,95,34,12,2
0,95,35,12,2
0,95,36,12,2
0,95,37,12,2
0,95,38,12,2
0,95,39,12,2
0,95,40,12,2
0,95,41,12,2
0,95,42,12,2
0,95,43,12,2
0,95,44,12,2
0,95,45,12,2
0,95,46,12,2
0,95,47,12,2
0,95,48,12,2
0,95,49,12,2
0,95,50,12,2
0,95,51,12,2
0,95,52,12,2
0,95,53,12,2
0,96,32,12,2
0,96,33,12,2
0,96,34,12,2
0,96,35,12,2
0,96,36,12,2
0,96,37,12,2
0,96,38,12,2
0,96,39,12,2
0,96,40,12,2
0,96,41,12,2
0,96,42,12,2
0,96,43,12,2
0,96,44,12,2
0,96,45,12,2
0,96,46,12,2
0,96,47,12,2
0,96,48,12,2
0,96,49,12,2
0,96,50,12,2
0,96,51,12,2
0,96,52,12,2
0,96,53,12,2
0,97,32,12,2
0,97,33,12,2
0,97,34,12,2
0,97,35,12,2
0,97,36,12,2
0,97,37,12,2
0,97,38,12,2
0,97,39,12,2
0,97,40,12,2
0,97,41,12,2
0,97,42,12,2
0,97,43,12,2
0,97,44,12,2
0,97,45,12,2
0,97,46,12,2
0,97,47,12,2
0,97,48,12,2
0,97,49,12,2
0,97,50,12,2
0,97,51,12,2
0,97,52,12,2
0,97,53,12,2
0,98,32,12,2
0,98,33,12,2
0,98,34,12,2
0,98,35,12,2
0,98,36,12,2
0,98,37,12,2
0,98,38,12,2
0,98,39,12,2
0,98,40,12,2
0,98,41,12,2
0,98,42,12,2
0,98,43,12,2
0,98,44,12,2
0,98,45,12,2
0,98,46,12,2
0,98,47,12,2
0,98,48,12,2
0,98,49,12,2
0,98,50,12,2
0,98,51,12,2
0,98,52,12,2
0,98,53,12,2
0,99,32,12,2
0,99,33,12,2
0,99,34,12,2
0,99,35,12,2
0,99,36,12,2
0,99,37,12,2
0,99,38,12,2
0,99,39,12,2
0,99,40,12,2
0,99,41,12,2
0,99,42,12,2
0,99,43,12,2
0,99,44,12,2
0,99,45,12,2
0,99,46,12,2
0,99,47,12,2
0,99,48,12,2
0,99,49,12,2
0,99,50,12,2
0,99,51,12,2
0,99,52,12,2
0,99,53,12,2
0,100,32,12,2
0,100,33,12,2
0,100,34,12,2
0,100,35,12,2
0,100,36,12,2
0,100,37,12,2
0,100,38,12,2
0,100,39,12,2
0,100,40,12,2
0,100,41,12,2
0,100,42,12,2
0,100,43,12,2
0,100,44,12,2
0,100,45,12,2
0,100,46,12,2
0,100,47,12,2
0,100,48,12,2
0,100,49,12,2
0,100,50,12,2
0,100,51,12,2
0,100,52,12,2
0,100,53,12,2
0,101,32,12,2
0,101,33,12,2
0,101,34,12,2
0,101,35,12,2
0,101,36,12,2
0,101,37,12,2
0,101,38,12,2
0,101,39,12,2
0,101,40,12,2
0,101,41,12,2
0,101,42,12,2
0,101,43,12,2
0,101,44,12,2
0,101,45,12,2
0,101,46,12,2
0,101,47,12,2
0,101,48,12,2
0,101,49,12,2
0,101,50,12,2
0,101,51,12,2
0,101,52,12,2
0,101,53,12,2
0,102,32,12,2
0,102,33,12,2
0,102,34,12,2
0,102,35,12,2
0,102,36,12,2
0,102,37,12,2
0,102,38,12,2
0,102,39,12,2
0,102,40,12,2
0,102,41,12,2
0,102,42,12,2
0,102,43,12,2
0,102,44,12,2
0,102,45,12,2
0,102,46,12,2
0,102,47,12,2
0,102,48,12,2
0,102,49,12,2
0,102,50,12,2
0,102,51,12,2
0,102,52,12,2
0,102,53,12,2
0,103,32,12,2
0,103,33,12,2
0,103,34,12,2
0,103,35,12,2
0,103,36,12,2
0,103,37,12,2
0,103,38,12,2
0,103,39,12,2
0,103,40,12,2
0,103,41,12,2
0,103,42,12,2
0,103,43,12,2
0,103,44,12,2
0,103,45,12,2
0,103,46,12,2
0,103,47,12,2
0,103,48,12,2
0,103,49,12,2
0,103,50,12,2
0,103,51,12,2
0,103,52,12,2
0,103,53,12,2
0,104,32,12,2
0,104,33,12,2
0,104,34,12,2
0,104,35,12,2
0,104,36,12,2
0,104,37,12,2
0,104,38,12,2
0,104,39,12,2
0,104,40,12,2
0,104,41,12,2
0,104,42,12,2
0,104,43,12,2
0,104,44,12,2
0,104,45,12,2
0,104,46,12,2
0,104,47,12,2
0,104,48,12,2
0,104,49,12,2
0,104,50,12,2
0,104,51,12,2
0,104,52,12,2
0,104,53,12,2
0,105,32,12,2
0,105,33,12,2
0,105,34,12,2
0,105,35,12,2
0,105,36,12,2
0,105,37,12,2
0,105,38,12,2
0,105,39,12,2
0,105,40,12,2
0,105,41,12,2
0,105,42,12,2
0,105,43,12,2
0,105,44,12,2
0,105,45,12,2
0,105,46,12,2
0,105,47,12,2
0,105,48,12,2
0,105,49,12,2
0,105,50,12,2
0,105,51,12,2
0,105,52,12,2
0,105,53,12,2
0,106,32,12,2
0,106,33,12,2
0,106,34,12,2
0,106,35,12,2
0,106,36,12,2
0,106,37,12,2
0,106,38,12,2
0,106,39,12,2
0,106,40,12,2
0,106,41,12,2
0,106,42,12,2
0,106,43,12,2
0,106,44,12,2
0,106,45,12,2
0,106,46,12,2
0,106,47,12,2
0,106,48,12,2
0,106,49,12,2
0,106,50,12,2
0,106,51,12,2
0,106,52,12,2
0,106,53,12,2
0,107,32,12,2
0,107,33,12,2
0,107,34,12,2
0,107,35,12,2
0,107,36,12,2
0,107,37,12,2
0,107,38,12,2
0,107,39,12,2
0,107,40,12,2
0,107,41,12,2
0,107,42,12,2
0,107,43,12,2
0,107,44,12,2
0,107,45,12,2
0,107,46,12,2
0,107,47,12,2
0,107,48,12,2
0,107,49,12,2
0,107,50,12,2
0,107,51,12,2
0,107,52,12,2
0,107,53,12,2
0,108,32,12,2
0,108,33,12,2
0,108,34,12,2
0,108,35,12,2
0,108,36,12,2
0,108,37,12,2
0,108,38,12,2
0,108,39,12,2
0,108,40,12,2
0,108,41,12,2
0,108,42,12,2
0,108,43,12,2
0,108,44,12,2
0,108,45,12,2
0,108,46,12,2
0,108,47,12,2
0,108,48,12,2
0,108,49,12,2
0,108,50,12,2
0,108,51,12,2
0,108,52,12,2
0,108,53,12,2
0,109,32,12,2
0,109,33,12,2
0,109,34,12,2
0,109,35,12,2
0,109,36,12,2
0,109,37,12,2
0,109,38,12,2
0,109,39,12,2
0,109,40,12,2
0,109,41,12,2
0,109,42,12,2
0,109,43,12,2
0,109,44,12,2
0,109,45,12,2
0,109,46,12,2
0,109,47,12,2
0,109,48,12,2
0,109,49,12,2
0,109,50,12,2
0,109,51,12,2
0,109,52,12,2
0,109,53,12,2
0,110,32,12,2
0,110,33,12,2
0,110,34,12,2
0,110,35,12,2
0,110,36,12,2
0,110,37,12,2
0,110,38,12,2
0,110,39,12,2
0,110,40,12,2
0,110,41,12,2
0,110,42,12,2
0,110,43,12,2
0,110,44,12,2
0,110,45,12,2
0,110,46,12,2
0,110,47,12,2
0,110,48,12,2
0,110,49,12,2
0,110,50,12,2
0,110,51,12,2
0,110,52,12,2
0,110,53,12,2
0,111,32,12,2
0,111,33,12,2
0,111,34,12,2
0,111,35,12,2
0,111,36,12,2
0,111,37,12,2
0,111,38,12,2
0,111,39,12,2
0,111,40,12,2
0,111,41,12,2
0,111,42,12,2
0,111,43,12,2
0,111,44,12,2
0,111,45,12,2
0,111,46,12,2
0,111,47,12,2
0,111,48,12,2
0,111,49,12,2
0,111,50,12,2
0,111,51,12,2
0,111,52,12,2
0,111,53,12,2
0,112,32,12,2
0,112,33,12,2
0,112,34,12,2
0,112,35,12,2
0,112,36,12,2
0,112,37,12,2
0,112,38,12,2
0,112,39,12,2
0,112,40,12,2
0,112,41,12,2
0,112,42,12,2
0,112,43,12,2
0,112,44,12,2
0,112,45,12,2
0,112,46,12,2
0,112,47,12,2
0,112,48,12,2
0,112,49,12,2
0,112,50,12,2
0,112,51,12,2
0,112,52,12,2
0,112,53,12,2
0,113,32,12,2
0,113,33,12,2
0,113,34,12,2
0,113,35,12,2
0,113,36,12,2
0,113,37,12,2
0,113,38,12,2
0,113,39,12,2
0,113,40,12,2
0,113,41,12,2
0,113,42,12,2
0,113,43,12,2
0,113,44,12,2
0,113,45,12,2
0,113,46,12,2
0,113,47,12,2
0,113,48,12,2
0,113,49,12,2
0,113,50,12,2
0,113,51,12,2
0,113,52,12,2
0,113,53,12,2
0,114,32,12,2
0,114,33,12,2
0,114,34,12,2
0,114,35,12,2
0,114,36,12,2
0,114,37,12,2
0,114,38,12,2
0,114,39,12,2
0,114,40,12,2
0,114,41,12,2
0,114,42,12,2
0,114,43,12,2
0,114,44,12,2
0,114,45,12,2
0,114,46,12,2
0,114,47,12,2
0,114,48,12,2
0,114,49,12,2
0,114,50,12,2
0,114,51,12,2
0,114,52,12,2
0,114,53,12,2
0,115,32,12,2
0,115,33,12,2
0,115,34,12,2
0,115,35,12,2
0,115,36,12,2
0,115,37,12,2
0,115,38,12,2
0,115,39,12,2
0,115,40,12,2
0,115,41,12,2
0,115,42,12,2
0,115,43,12,2
0,115,44,12,2
0,115,45,12,2
0,115,46,12,2
0,115,47,12,2
0,115,48,12,2
0,115,49,12,2
0,115,50,12,2
0,115,51,12,2
0,115,52,12,2
0,115,53,12,2
0,116,32,12,2
0,116,33,12,2
0,116,34,12,2
0,116,35,12,2
0,116,36,12,2
0,116,37,12,2
0,116,38,12,2
0,116,39,12,2
0,116,40,12,2
0,116,41,12,2
0,116,42,12,2
0,116,43,12,2
0,116,44,12,2
0,116,45,12,2
0,116,46,12,2
0,116,47,12,2
0,116,48,12,2
0,116,49,12,2
0,116,50,12,2
0,116,51,12,2
0,116,52,12,2
0,116,53,12,2
0,117,32,12,2
0,117,33,12,2
0,117,34,12,2
0,117,35,12,2
0,117,36,12,2
0,117,37,12,2
0,117,38,12,2
0,117,39,12,2
0,117,40,12,2
0,117,41,12,2
0,117,42,12,2
0,117,43,12,2
0,117,44,12,2
0,117,45,12,2
0,117,46,12,2
0,117,47,12,2
0,117,48,12,2
0,117,49,12,2
0,117,50,12,2
0,117,51,12,2
0,117,52,12,2
0,117,53,12,2
0,118,32,12,2
0,118,33,12,2
0,118,34,12,2
0,118,35,12,2
0,118,36,12,2
0,118,37,12,2
0,118,38,12,2
0,118,39,12,2
0,118,40,12,2
0,118,41,12,2
0,118,42,12,2
0,118,43,12,2
0,118,44,12,2
0,118,45,12,2
0,118,46,12,2
0,118,47,12,2
0,118,48,12,2
0,118,49,12,2
0,118,50,12,2
0,118,51,12,2
0,118,52,12,2
0,118,53,12,2
0,119,32,12,2
0,119,33,12,2
0,119,34,12,2
0,119,35,12,2
0,119,36,12,2
0,119,37,12,2
0,119,38,12,2
0,119,39,12,2
0,119,40,12,2
0,119,41,12,2
0,119,42,12,2
0,119,43,12,2
0,119,44,12,2
0,119,45,12,2
0,119,46,12,2
0,119,47,12,2
0,119,48,12,2
0,119,49,12,2
0,119,50,12,2
0,119,51,12,2
0,119,52,12,2
0,119,53,12,2
0,120,32,12,2
0,120,33,12,2
0,120,34,12,2
0,120,35,12,2
0,120,36,12,2
0,120,37,12,2
0,120,38,12,2
0,120,39,12,2
0,120,40,12,2
0,120,41,12,2
0,120,42,12,2
0,120,43,12,2
0,120,44,12,2
0,120,45,12,2
0,120,46,12,2
0,120,47,12,2
0,120,48,12,2
0,120,49,12,2
0,120,50,12,2
0,120,51,12,2
0,120,52,12,2
0,120,53,12,2
0,121,32,12,2
0,121,33,12,2
0,121,34,12,2
0,121,35,12,2
0,121,36,12,2
0,121,37,12,2
0,121,38,12,2
0,121,39,12,2
0,121,40,12,2
0,121,41,12,2
0,121,42,12,2
0,121,43,12,2
0,121,44,12,2
0,121,45,12,2
0,121,46,12,2
0,121,47,12,2
0,121,48,12,2
0,121,49,12,2
0,121,50,12,2
0,121,51,12,2
0,121,52,12,2
0,121,53,12,2
0,122,32,12,2
0,122,33,12,2
0,122,34,12,2
0,122,35,12,2
0,122,36,12,2
0,122,37,12,2
0,122,38,12,2
0,122,39,12,2
0,122,40,12,2
0,122,41,12,2
0,122,42,12,2
0,122,43,12,2
0,122,44,12,2
0,122,45,12,2
0,122,46,12,2
0,122,47,12,2
0,122,48,12,2
0,122,49,12,2
0,122,50,12,2
0,122,51,12,2
0,122,52,12,2
0,122,53,12,2
0,123,32,12,2
0,123,33,12,2
0,123,34,12,2
0,123,35,12,2
0,123,36,12,2
0,123,37,12,2
0,123,38,12,2
0,123,39,12,2
0,123,40,12,2
0,123,41,12,2
0,123,42,12,2
0,123,43,12,2
0,123,44,12,2
0,123,45,12,2
0,123,46,12,2
0,123,47,12,2
0,123,48,12,2
0,123,49,12,2
0,123,50,12,2
0,123,51,12,2
0,123,52,12,2
0,123,53,12,2
0,124,32,12,2
0,124,33,12,2
0,124,34,12,2
0,124,35,12,2
0,124,36,12,2
0,124,37,12,2
0,124,38,12,2
0,124,39,12,2
0,124,40,12,2
0,124,41,12,2
0,124,42,12,2
0,124,43,12,2
0,124,44,12,2
0,124,45,12,2
0,124,46,12,2
0,124,47,12,2
0,124,48,12,2
0,124,49,12,2
0,124,50,12,2
0,124,51,12,2
0,124,52,12,2
0,124,53,12,2
0,125,32,12,2
0,125,33,12,2
0,125,34,12,2
0,125,35,12,2
0,125,36,12,2
0,125,37,12,2
0,125,38,12,2
0,125,39,12,2
0,125,40,12,2
0,125,41,12,2
0,125,42,12,2
0,125,43,12,2
0,125,44,12,2
0,125,45,12,2
0,125,46,12,2
0,125,47,12,2
0,125,48,12,2
0,125,49,12,2
0,125,50,12,2
0,125,51,12,2
0,125,52,12,2
0,125,53,12,2
0,126,32,12,2
0,126,33,12,2
0,126,34,12,2
0,126,35,12,2
0,126,36,12,2
0,126,37,12,2
0,126,38,12,2
0,126,39,12,2
0,126,40,12,2
0,126,41,12,2
0,126,42,12,2
0,126,43,12,2
0,126,44,12,2
0,126,45,12,2
0,126,46,12,2
0,126,47,12,2
0,126,48,12,2
0,126,49,12,2
0,126,50,12,2
0,126,51,12,2
0,126,52,12,2
0,126,53,12,2
0,127,32,12,2
0,127,33,12,2
0,127,34,12,2
0,127,35,12,2
0,127,36,12,2
0,127,37,12,2
0,127,38,12,2
0,127,39,12,2
0,127,40,12,2
0,127,41,12,2
0,127,42,12,2
0,127,43,12,2
0,127,44,12,2
0,127,45,12,2
0,127,46,12,2
0,127,47,12,2
0,127,48,12,2
0,127,49,12,2
0,127,50,12,2
0,127,51,12,2
0,127,52,12,2
0,127,53,12,2
0,128,32,12,2
0,128,33,12,2
0,128,34,12,2
0,128,35,12,2
0,128,36,12,2
0,128,37,12,2
0,128,38,12,2
0,128,39,12,2
0,128,40,12,2
0,128,41,12,2
0,128,42,12,2
0,128,43,12,2
0,128,44,12,2
0,128,45,12,2
0,128,46,12,2
0,128,47,12,2
0,128,48,12,2
0,128,49,12,2
0,128,50,12,2
0,128,51,12,2
0,128,52,12,2
0,128,53,12,2
0,129,32,12,2
0,129,33,12,2
0,129,34,12,2
0,129,35,12,2
0,129,36,12,2
0,129,37,12,2
0,129,38,12,2
0,129,39,12,2
0,129,40,12,2
0,129,41,12,2
0,129,42,12,2
0,129,43,12,2
0,129,44,12,2
0,129,45,12,2
0,129,46,12,2
0,129,47,12,2
0,129,48,12,2
0,129,49,12,2
0,129,50,12,2
0,129,51,12,2
0,129,52,12,2
0,129,53,12,2
0,130,32,12,2
0,130,33,12,2
0,130,34,12,2
0,130,35,12,2
0,130,36,12,2
0,130,37,12,2
0,130,38,12,2
0,130,39,12,2
0,130,40,12,2
0,130,41,12,2
0,130,42,12,2
0,130,43,12,2
0,130,44,12,2
0,130,45,12,2
0,130,46,12,2
0,130,47,12,2
0,130,48,12,2
0,130,49,12,2
0,130,50,12,2
0,130,51,12,2
0,130,52,12,2
0,130,53,12,2
0,131,32,12,2
0,131,33,12,2
0,131,34,12,2
0,131,35,12,2
0,131,36,12,2
0,131,37,12,2
0,131,38,12,2
0,131,39,12,2
0,131,40,12,2
0,131,41,12,2
0,131,42,12,2
0,131,43,12,2
0,131,44,12,2
0,131,45,12,2
0,131,46,12,2
0,131,47,12,2
0,131,48,12,2
0,131,49,12,2
0,131,50,12,2
0,131,51,12,2
0,131,52,12,2
0,131,53,12,2
0,132,32,12,2
0,132,33,12,2
0,132,34,12,2
0,132,35,12,2
0,132,36,12,2
0,132,37,12,2
0,132,38,12,2
0,132,39,12,2
0,132,40,12,2
0,132,41,12,2
0,132,42,12,2
0,132,43,12,2
0,132,44,12,2
0,132,45,12,2
0,132,46,12,2
0,132,47,12,2
0,132,48,12,2
0,132,49,12,2
0,132,50,12,2
0,132,51,12,2
0,132,52,12,2
0,132,53,12,2
0,133,32,12,2
0,133,33,12,2
0,133,34,12,2
0,133,35,12,2
0,133,36,12,2
0,133,37,12,2
0,133,38,12,2
0,133,39,12,2
0,133,40,12,2
0,133,41,12,2
0,133,42,12,2
0,133,43,12,2
0,133,44,12,2
0,133,45,12,2
0,133,46,12,2
0,133,47,12,2
0,133,48,12,2
0,133,49,12,2
0,133,50,12,2
0,133,51,12,2
0,133,52,12,2
0,133,53,12,2
0,134,32,12,2
0,134,33,12,2
0,134,34,12,2
0,134,35,12,2
0,134,36,12,2
0,134,37,12,2
0,134,38,12,2
0,134,39,12,2
0,134,40,12,2
0,134,41,12,2
0,134,42,12,2
0,134,43,12,2
0,134,44,12,2
0,134,45,12,2
0,134,46,12,2
0,134,47,12,2
0,134,48,12,2
0,134,49,12,2
0,134,50,12,2
0,134,51,12,2
0,134,52,12,2
0,134,53,12,2
0,135,32,12,2
0,135,33,12,2
0,135,34,12,2
0,135,35,12,2
0,135,36,12,2
0,135,37,12,2
0,135,38,12,2
0,135,39,12,2
0,135,40,12,2
0,135,41,12,2
0,135,42,12,2
0,135,43,12,2
0,135,44,12,2
0,135,45,12,2
0,135,46,12,2
0,135,47,12,2
0,135,48,12,2
0,135,49,12,2
0,135,50,12,2
0,135,51,12,2
0,135,52,12,2
0,135,53,12,2
