0,-33,43,2,1
0,17,-9,49,1
0,16,-10,49,1
0,6,0,48,1
0,6,1,48,1
0,6,2,48,1
0,6,3,48,1
0,7,0,48,1
0,7,1,48,1
0,7,2,48,1
0,7,3,48,1
0,8,0,48,1
0,8,2,48,1
0,8,3,48,1
0,45,22,48,1
0,45,23,48,1
0,46,22,48,1
0,46,23,48,1
0,47,22,48,1
0,47,23,48,1
0,48,19,48,1
0,48,20,48,1
0,48,21,48,1
0,48,22,48,1
0,48,23,48,1
0,53,8,48,1
0,53,9,48,1
0,54,8,48,1
0,54,9,48,1
0,55,8,48,1
0,55,9,48,1
0,0,21,49,1
0,79,69,30,1
2,67,17,3,1
2,67,18,3,1
0,66,16,2,1
0,66,17,2,1
0,66,18,2,1
5,67,16,3,1
8,68,16,0,1
8,68,17,0,1
8,68,18,0,1
8,68,19,0,1
8,68,20,0,1
8,68,21,0,1
8,68,22,0,1
8,68,23,0,1
8,68,24,0,1
2,67,19,3,1
2,67,20,3,1
2,67,21,3,1
2,67,22,3,1
2,67,23,3,1
2,67,24,3,1
4,69,16,3,1
4,69,17,3,1
4,69,18,3,1
4,69,19,3,1
4,69,20,3,1
4,69,21,3,1
0,70,16,2,1
0,70,17,2,1
0,70,18,2,1
0,70,19,2,1
0,70,20,2,1
0,70,21,2,1
0,71,16,3,1
0,71,17,3,1
0,71,18,3,1
0,71,19,3,1
0,71,20,3,1
0,71,21,3,1
0,73,16,3,1
0,73,17,3,1
0,73,18,3,1
0,73,19,3,1
0,73,20,3,1
0,73,21,3,1
0,66,19,2,1
0,66,20,2,1
0,66,21,2,1
0,66,22,2,1
0,66,23,2,1
0,66,24,2,1
1,68,25,0,1
5,69,25,0,1
3,69,22,1,1
3,71,22,1,1
3,70,22,1,1
0,72,16,2,1
0,72,17,2,1
0,72,18,2,1
0,72,19,2,1
0,72,20,2,1
0,72,21,2,1
0,72,22,2,1
4,72,23,2,1
4,72,24,2,1
4,72,25,2,1
4,72,26,2,1
4,72,27,2,1
4,72,28,2,1
4,72,29,2,1
4,72,30,2,1
0,65,16,3,1
0,65,17,3,1
0,65,18,3,1
0,65,19,3,1
0,65,20,3,1
0,65,21,3,1
0,65,22,3,1
0,65,23,3,1
0,65,24,3,1
0,64,16,2,1
0,64,17,2,1
0,64,18,2,1
0,64,19,2,1
0,64,20,2,1
0,64,21,2,1
0,64,22,2,1
0,64,23,2,1
0,64,24,2,1
0,62,16,2,1
0,62,17,2,1
0,62,18,2,1
0,62,19,2,1
0,62,20,2,1
0,62,21,2,1
0,62,22,2,1
0,62,23,2,1
0,62,24,2,1
0,63,16,3,1
0,63,17,3,1
0,63,18,3,1
0,63,19,3,1
0,63,20,3,1
0,63,21,3,1
0,63,22,3,1
0,63,23,3,1
0,63,24,3,1
0,61,16,3,1
0,61,17,3,1
0,61,18,3,1
0,61,19,3,1
0,61,20,3,1
0,61,21,3,1
0,61,22,3,1
0,61,23,3,1
0,61,24,3,1
0,59,16,3,1
0,59,17,3,1
0,59,18,3,1
0,59,19,3,1
0,59,20,3,1
0,59,21,3,1
0,59,22,3,1
0,59,23,3,1
0,59,24,3,1
0,57,16,3,1
0,57,17,3,1
0,57,18,3,1
0,57,19,3,1
0,57,20,3,1
0,57,21,3,1
0,57,22,3,1
0,57,23,3,1
0,57,24,3,1
0,58,16,2,1
0,58,17,2,1
0,58,18,2,1
0,58,19,2,1
0,58,20,2,1
0,58,21,2,1
0,58,22,2,1
0,58,23,2,1
0,58,24,2,1
0,60,16,2,1
0,60,17,2,1
0,60,18,2,1
0,60,19,2,1
0,60,20,2,1
0,60,21,2,1
0,60,22,2,1
0,60,23,2,1
0,60,24,2,1
3,65,25,1,1
3,66,25,1,1
3,67,26,1,1
3,68,26,1,1
3,69,26,1,1
0,67,25,3,1
0,63,25,3,1
0,63,26,3,1
0,64,25,2,1
0,62,25,2,1
0,60,25,2,1
0,61,25,3,1
0,59,25,3,1
0,59,26,3,1
2,59,27,3,1
2,59,28,3,1
2,59,29,3,1
2,59,30,3,1
2,59,31,3,1
2,59,32,3,1
2,59,33,3,1
0,58,25,2,1
0,58,26,2,1
0,58,27,2,1
0,58,28,2,1
0,58,29,2,1
0,58,30,2,1
0,58,31,2,1
0,58,32,2,1
0,58,33,2,1
0,57,25,3,1
0,57,26,3,1
0,57,27,3,1
0,57,28,3,1
0,57,29,3,1
0,57,30,3,1
0,57,31,3,1
0,57,32,3,1
0,57,33,3,1
0,72,32,2,1
4,72,31,2,1
1,70,32,0,1
1,71,32,0,1
1,67,32,0,1
1,66,32,0,1
1,63,32,0,1
1,62,32,0,1
8,61,33,0,1
8,61,34,0,1
9,61,32,0,1
0,69,32,3,1
0,71,33,3,1
0,71,34,3,1
0,71,35,3,1
0,69,33,3,1
0,69,34,3,1
0,69,35,3,1
0,70,33,2,1
0,70,34,2,1
0,70,35,2,1
0,68,32,2,1
0,68,33,2,1
0,68,34,2,1
0,68,35,2,1
0,66,33,2,1
0,66,34,2,1
0,66,35,2,1
0,64,32,2,1
0,64,33,2,1
0,64,34,2,1
0,64,35,2,1
0,62,33,2,1
0,62,34,2,1
0,62,35,2,1
0,62,36,2,1
0,63,33,3,1
0,63,34,3,1
0,63,35,3,1
0,65,32,3,1
0,65,33,3,1
0,65,34,3,1
0,65,35,3,1
0,67,33,3,1
0,67,34,3,1
0,67,35,3,1
0,72,33,2,1
0,72,34,2,1
0,72,35,2,1
0,73,22,3,1
0,73,23,3,1
0,73,24,3,1
0,73,25,3,1
0,73,26,3,1
0,73,27,3,1
0,73,28,3,1
0,73,29,3,1
0,73,30,3,1
0,73,31,3,1
0,73,32,3,1
0,73,33,3,1
0,73,34,3,1
0,73,35,3,1
2,59,34,3,1
2,59,35,3,1
2,59,36,3,1
0,57,34,3,1
0,57,35,3,1
0,57,36,3,1
0,58,34,2,1
0,58,35,2,1
0,58,36,2,1
3,60,26,1,1
3,61,26,1,1
3,62,26,1,1
5,63,27,1,1
5,64,27,1,1
2,64,26,2,1
8,61,35,0,1
8,61,36,0,1
0,56,16,2,1
0,56,17,2,1
0,56,18,2,1
0,56,19,2,1
0,56,20,2,1
0,56,21,2,1
0,56,22,2,1
0,56,23,2,1
0,56,24,2,1
0,56,25,2,1
0,56,26,2,1
0,56,27,2,1
0,56,28,2,1
0,56,29,2,1
0,56,30,2,1
0,56,31,2,1
0,56,32,2,1
0,56,33,2,1
0,56,34,2,1
0,56,35,2,1
0,56,36,2,1
0,55,16,3,1
0,55,17,3,1
0,55,18,3,1
0,55,19,3,1
0,55,20,3,1
0,55,21,3,1
0,55,22,3,1
0,55,23,3,1
0,55,24,3,1
0,55,25,3,1
0,55,26,3,1
0,55,27,3,1
0,55,28,3,1
0,55,29,3,1
0,55,30,3,1
0,55,31,3,1
0,55,32,3,1
0,55,33,3,1
0,55,34,3,1
0,55,35,3,1
0,55,36,3,1
0,54,16,2,1
0,54,17,2,1
0,54,18,2,1
0,54,19,2,1
0,54,20,2,1
0,54,21,2,1
0,54,22,2,1
0,54,23,2,1
0,54,24,2,1
0,54,25,2,1
0,54,26,2,1
0,54,27,2,1
0,54,28,2,1
0,54,29,2,1
0,54,30,2,1
0,54,31,2,1
0,54,32,2,1
0,54,33,2,1
0,54,34,2,1
0,54,35,2,1
0,54,36,2,1
0,53,16,3,1
0,53,17,3,1
0,53,18,3,1
0,53,19,3,1
0,53,20,3,1
0,53,21,3,1
0,53,22,3,1
0,53,23,3,1
0,53,24,3,1
0,53,25,3,1
0,53,26,3,1
0,53,27,3,1
0,53,28,3,1
0,53,29,3,1
0,53,30,3,1
0,53,31,3,1
0,53,32,3,1
0,53,33,3,1
0,53,34,3,1
0,53,35,3,1
0,53,36,3,1
0,52,16,2,1
0,52,17,2,1
0,52,18,2,1
0,52,19,2,1
0,52,20,2,1
0,52,21,2,1
0,52,22,2,1
0,52,23,2,1
0,52,24,2,1
0,52,25,2,1
0,52,26,2,1
0,52,27,2,1
0,52,28,2,1
0,52,29,2,1
0,52,30,2,1
0,52,31,2,1
0,52,32,2,1
0,52,33,2,1
0,52,34,2,1
0,52,35,2,1
0,52,36,2,1
0,51,16,3,1
0,51,17,3,1
0,51,18,3,1
0,51,19,3,1
0,51,20,3,1
0,51,21,3,1
0,51,22,3,1
0,51,23,3,1
0,51,24,3,1
0,51,25,3,1
0,51,26,3,1
0,51,27,3,1
0,51,28,3,1
0,51,29,3,1
0,51,30,3,1
0,51,31,3,1
0,51,32,3,1
0,51,33,3,1
0,51,34,3,1
0,51,35,3,1
0,51,36,3,1
0,49,16,3,1
0,49,17,3,1
0,49,18,3,1
0,49,19,3,1
0,49,20,3,1
0,49,21,3,1
0,49,22,3,1
0,49,23,3,1
0,49,24,3,1
0,49,25,3,1
0,49,26,3,1
0,49,27,3,1
0,49,28,3,1
0,49,29,3,1
0,49,30,3,1
0,49,31,3,1
0,49,32,3,1
0,49,33,3,1
0,49,34,3,1
0,49,35,3,1
0,49,36,3,1
0,50,16,2,1
0,50,17,2,1
0,50,18,2,1
0,50,19,2,1
0,50,20,2,1
0,50,21,2,1
0,50,22,2,1
0,50,23,2,1
0,50,24,2,1
0,50,25,2,1
0,50,26,2,1
0,50,27,2,1
0,50,28,2,1
0,50,29,2,1
0,50,30,2,1
0,50,31,2,1
0,50,32,2,1
0,50,33,2,1
0,50,34,2,1
0,50,35,2,1
0,50,36,2,1
5,64,31,0,1
5,65,31,0,1
5,68,31,0,1
5,69,31,0,1
0,-20,-6,0,2
0,47,7,12,2
0,47,8,12,2
0,47,9,12,2
0,47,10,12,2
0,47,11,12,2
0,47,12,12,2
0,47,13,12,2
0,47,14,12,2
0,47,15,12,2
0,47,16,12,2
0,47,17,12,2
0,47,18,12,2
0,47,19,12,2
0,47,20,12,2
0,47,21,12,2
0,47,22,12,2
0,47,23,12,2
0,47,24,12,2
0,47,25,12,2
0,47,26,12,2
0,47,27,12,2
0,47,28,12,2
0,47,29,12,2
0,48,7,12,2
0,48,8,12,2
0,48,9,12,2
0,48,10,12,2
0,48,11,12,2
0,48,12,12,2
0,48,13,12,2
0,48,14,12,2
0,48,15,12,2
0,48,16,12,2
0,48,17,12,2
0,48,18,12,2
0,48,19,12,2
0,48,20,12,2
0,48,21,12,2
0,48,22,12,2
0,48,23,12,2
0,48,24,12,2
0,48,25,12,2
0,48,26,12,2
0,48,27,12,2
0,48,28,12,2
0,48,29,12,2
0,49,7,12,2
0,49,8,12,2
0,49,9,12,2
0,49,10,12,2
0,49,11,12,2
0,49,12,12,2
0,49,13,12,2
0,49,14,12,2
0,49,15,12,2
0,49,16,12,2
0,49,17,12,2
0,49,18,12,2
0,49,19,12,2
0,49,20,12,2
0,49,21,12,2
0,49,22,12,2
0,49,23,12,2
0,49,24,12,2
0,49,25,12,2
0,49,26,12,2
0,49,27,12,2
0,49,28,12,2
0,49,29,12,2
0,50,7,12,2
0,50,8,12,2
0,50,9,12,2
0,50,10,12,2
0,50,11,12,2
0,50,12,12,2
0,50,13,12,2
0,50,14,12,2
0,50,15,12,2
0,50,16,12,2
0,50,17,12,2
0,50,18,12,2
0,50,19,12,2
0,50,20,12,2
0,50,21,12,2
0,50,22,12,2
0,50,23,12,2
0,50,24,12,2
0,50,25,12,2
0,50,26,12,2
0,50,27,12,2
0,50,28,12,2
0,50,29,12,2
0,51,7,12,2
0,51,8,12,2
0,51,9,12,2
0,51,10,12,2
0,51,11,12,2
0,51,12,12,2
0,51,13,12,2
0,51,14,12,2
0,51,15,12,2
0,51,16,12,2
0,51,17,12,2
0,51,18,12,2
0,51,19,12,2
0,51,20,12,2
0,51,21,12,2
0,51,22,12,2
0,51,23,12,2
0,51,24,12,2
0,51,25,12,2
0,51,26,12,2
0,51,27,12,2
0,51,28,12,2
0,51,29,12,2
0,52,7,12,2
0,52,8,12,2
0,52,9,12,2
0,52,10,12,2
0,52,11,12,2
0,52,12,12,2
0,52,13,12,2
0,52,14,12,2
0,52,15,12,2
0,52,16,12,2
0,52,17,12,2
0,52,18,12,2
0,52,19,12,2
0,52,20,12,2
0,52,21,12,2
0,52,22,12,2
0,52,23,12,2
0,52,24,12,2
0,52,25,12,2
0,52,26,12,2
0,52,27,12,2
0,52,28,12,2
0,52,29,12,2
0,53,7,12,2
0,53,8,12,2
0,53,9,12,2
0,53,10,12,2
0,53,11,12,2
0,53,12,12,2
0,53,13,12,2
0,53,14,12,2
0,53,15,12,2
0,53,16,12,2
0,53,17,12,2
0,53,18,12,2
0,53,19,12,2
0,53,20,12,2
0,53,21,12,2
0,53,22,12,2
0,53,23,12,2
0,53,24,12,2
0,53,25,12,2
0,53,26,12,2
0,53,27,12,2
0,53,28,12,2
0,53,29,12,2
0,54,7,12,2
0,54,8,12,2
0,54,9,12,2
0,54,10,12,2
0,54,11,12,2
0,54,12,12,2
0,54,13,12,2
0,54,14,12,2
0,54,15,12,2
0,54,16,12,2
0,54,17,12,2
0,54,18,12,2
0,54,19,12,2
0,54,20,12,2
0,54,21,12,2
0,54,22,12,2
0,54,23,12,2
0,54,24,12,2
0,54,25,12,2
0,54,26,12,2
0,54,27,12,2
0,54,28,12,2
0,54,29,12,2
0,55,7,12,2
0,55,8,12,2
0,55,9,12,2
0,55,10,12,2
0,55,11,12,2
0,55,12,12,2
0,55,13,12,2
0,55,14,12,2
0,55,15,12,2
0,55,16,12,2
0,55,17,12,2
0,55,18,12,2
0,55,19,12,2
0,55,20,12,2
0,55,21,12,2
0,55,22,12,2
0,55,23,12,2
0,55,24,12,2
0,55,25,12,2
0,55,26,12,2
0,55,27,12,2
0,55,28,12,2
0,55,29,12,2
0,56,7,12,2
0,56,8,12,2
0,56,9,12,2
0,56,10,12,2
0,56,11,12,2
0,56,12,12,2
0,56,13,12,2
0,56,14,12,2
0,56,15,12,2
0,56,16,12,2
0,56,17,12,2
0,56,18,12,2
0,56,19,12,2
0,56,20,12,2
0,56,21,12,2
0,56,22,12,2
0,56,23,12,2
0,56,24,12,2
0,56,25,12,2
0,56,26,12,2
0,56,27,12,2
0,56,28,12,2
0,56,29,12,2
0,57,7,12,2
0,57,8,12,2
0,57,9,12,2
0,57,10,12,2
0,57,11,12,2
0,57,12,12,2
0,57,13,12,2
0,57,14,12,2
0,57,15,12,2
0,57,16,12,2
0,57,17,12,2
0,57,18,12,2
0,57,19,12,2
0,57,20,12,2
0,57,21,12,2
0,57,22,12,2
0,57,23,12,2
0,57,24,12,2
0,57,25,12,2
0,57,26,12,2
0,57,27,12,2
0,57,28,12,2
0,57,29,12,2
0,58,7,12,2
0,58,8,12,2
0,58,9,12,2
0,58,10,12,2
0,58,11,12,2
0,58,12,12,2
0,58,13,12,2
0,58,14,12,2
0,58,15,12,2
0,58,16,12,2
0,58,17,12,2
0,58,18,12,2
0,58,19,12,2
0,58,20,12,2
0,58,21,12,2
0,58,22,12,2
0,58,23,12,2
0,58,24,12,2
0,58,25,12,2
0,58,26,12,2
0,58,27,12,2
0,58,28,12,2
0,58,29,12,2
0,59,7,12,2
0,59,8,12,2
0,59,9,12,2
0,59,10,12,2
0,59,11,12,2
0,59,12,12,2
0,59,13,12,2
0,59,14,12,2
0,59,15,12,2
0,59,16,12,2
0,59,17,12,2
0,59,18,12,2
0,59,19,12,2
0,59,20,12,2
0,59,21,12,2
0,59,22,12,2
0,59,23,12,2
0,59,24,12,2
0,59,25,12,2
0,59,26,12,2
0,59,27,12,2
0,59,28,12,2
0,59,29,12,2
0,60,7,12,2
0,60,8,12,2
0,60,9,12,2
0,60,10,12,2
0,60,11,12,2
0,60,12,12,2
0,60,13,12,2
0,60,14,12,2
0,60,15,12,2
0,60,16,12,2
0,60,17,12,2
0,60,18,12,2
0,60,19,12,2
0,60,20,12,2
0,60,21,12,2
0,60,22,12,2
0,60,23,12,2
0,60,24,12,2
0,60,25,12,2
0,60,26,12,2
0,60,27,12,2
0,60,28,12,2
0,60,29,12,2
0,61,7,12,2
0,61,8,12,2
0,61,9,12,2
0,61,10,12,2
0,61,11,12,2
0,61,12,12,2
0,61,13,12,2
0,61,14,12,2
0,61,15,12,2
0,61,16,12,2
0,61,17,12,2
0,61,18,12,2
0,61,19,12,2
0,61,20,12,2
0,61,21,12,2
0,61,22,12,2
0,61,23,12,2
0,61,24,12,2
0,61,25,12,2
0,61,26,12,2
0,61,27,12,2
0,61,28,12,2
0,61,29,12,2
0,62,7,12,2
0,62,8,12,2
0,62,9,12,2
0,62,10,12,2
0,62,11,12,2
0,62,12,12,2
0,62,13,12,2
0,62,14,12,2
0,62,15,12,2
0,62,16,12,2
0,62,17,12,2
0,62,18,12,2
0,62,19,12,2
0,62,20,12,2
0,62,21,12,2
0,62,22,12,2
0,62,23,12,2
0,62,24,12,2
0,62,25,12,2
0,62,26,12,2
0,62,27,12,2
0,62,28,12,2
0,62,29,12,2
0,63,7,12,2
0,63,8,12,2
0,63,9,12,2
0,63,10,12,2
0,63,11,12,2
0,63,12,12,2
0,63,13,12,2
0,63,14,12,2
0,63,15,12,2
0,63,16,12,2
0,63,17,12,2
0,63,18,12,2
0,63,19,12,2
0,63,20,12,2
0,63,21,12,2
0,63,22,12,2
0,63,23,12,2
0,63,24,12,2
0,63,25,12,2
0,63,26,12,2
0,63,27,12,2
0,63,28,12,2
0,63,29,12,2
0,64,7,12,2
0,64,8,12,2
0,64,9,12,2
0,64,10,12,2
0,64,11,12,2
0,64,12,12,2
0,64,13,12,2
0,64,14,12,2
0,64,15,12,2
0,64,16,12,2
0,64,17,12,2
0,64,18,12,2
0,64,19,12,2
0,64,20,12,2
0,64,21,12,2
0,64,22,12,2
0,64,23,12,2
0,64,24,12,2
0,64,25,12,2
0,64,26,12,2
0,64,27,12,2
0,64,28,12,2
0,64,29,12,2
0,65,7,12,2
0,65,8,12,2
0,65,9,12,2
0,65,10,12,2
0,65,11,12,2
0,65,12,12,2
0,65,13,12,2
0,65,14,12,2
0,65,15,12,2
0,65,16,12,2
0,65,17,12,2
0,65,18,12,2
0,65,19,12,2
0,65,20,12,2
0,65,21,12,2
0,65,22,12,2
0,65,23,12,2
0,65,24,12,2
0,65,25,12,2
0,65,26,12,2
0,65,27,12,2
0,65,28,12,2
0,65,29,12,2
0,66,7,12,2
0,66,8,12,2
0,66,9,12,2
0,66,10,12,2
0,66,11,12,2
0,66,12,12,2
0,66,13,12,2
0,66,14,12,2
0,66,15,12,2
0,66,16,12,2
0,66,17,12,2
0,66,18,12,2
0,66,19,12,2
0,66,20,12,2
0,66,21,12,2
0,66,22,12,2
0,66,23,12,2
0,66,24,12,2
0,66,25,12,2
0,66,26,12,2
0,66,27,12,2
0,66,28,12,2
0,66,29,12,2
0,67,7,12,2
0,67,8,12,2
0,67,9,12,2
0,67,10,12,2
0,67,11,12,2
0,67,12,12,2
0,67,13,12,2
0,67,14,12,2
0,67,15,12,2
0,67,16,12,2
0,67,17,12,2
0,67,18,12,2
0,67,19,12,2
0,67,20,12,2
0,67,21,12,2
0,67,22,12,2
0,67,23,12,2
0,67,24,12,2
0,67,25,12,2
0,67,26,12,2
0,67,27,12,2
0,67,28,12,2
0,67,29,12,2
0,68,7,12,2
0,68,8,12,2
0,68,9,12,2
0,68,10,12,2
0,68,11,12,2
0,68,12,12,2
0,68,13,12,2
0,68,14,12,2
0,68,15,12,2
0,68,16,12,2
0,68,17,12,2
0,68,18,12,2
0,68,19,12,2
0,68,20,12,2
0,68,21,12,2
0,68,22,12,2
0,68,23,12,2
0,68,24,12,2
0,68,25,12,2
0,68,26,12,2
0,68,27,12,2
0,68,28,12,2
0,68,29,12,2
0,69,7,12,2
0,69,8,12,2
0,69,9,12,2
0,69,10,12,2
0,69,11,12,2
0,69,12,12,2
0,69,13,12,2
0,69,14,12,2
0,69,15,12,2
0,69,16,12,2
0,69,17,12,2
0,69,18,12,2
0,69,19,12,2
0,69,20,12,2
0,69,21,12,2
0,69,22,12,2
0,69,23,12,2
0,69,24,12,2
0,69,25,12,2
0,69,26,12,2
0,69,27,12,2
0,69,28,12,2
0,69,29,12,2
0,70,7,12,2
0,70,8,12,2
0,70,9,12,2
0,70,10,12,2
0,70,11,12,2
0,70,12,12,2
0,70,13,12,2
0,70,14,12,2
0,70,15,12,2
0,70,16,12,2
0,70,17,12,2
0,70,18,12,2
0,70,19,12,2
0,70,20,12,2
0,70,21,12,2
0,70,22,12,2
0,70,23,12,2
0,70,24,12,2
0,70,25,12,2
0,70,26,12,2
0,70,27,12,2
0,70,28,12,2
0,70,29,12,2
0,71,7,12,2
0,71,8,12,2
0,71,9,12,2
0,71,10,12,2
0,71,11,12,2
0,71,12,12,2
0,71,13,12,2
0,71,14,12,2
0,71,15,12,2
0,71,16,12,2
0,71,17,12,2
0,71,18,12,2
0,71,19,12,2
0,71,20,12,2
0,71,21,12,2
0,71,22,12,2
0,71,23,12,2
0,71,24,12,2
0,71,25,12,2
0,71,26,12,2
0,71,27,12,2
0,71,28,12,2
0,71,29,12,2
0,72,7,12,2
0,72,8,12,2
0,72,9,12,2
0,72,10,12,2
0,72,11,12,2
0,72,12,12,2
0,72,13,12,2
0,72,14,12,2
0,72,15,12,2
0,72,16,12,2
0,72,17,12,2
0,72,18,12,2
0,72,19,12,2
0,72,20,12,2
0,72,21,12,2
0,72,22,12,2
0,72,23,12,2
0,72,24,12,2
0,72,25,12,2
0,72,26,12,2
0,72,27,12,2
0,72,28,12,2
0,72,29,12,2
0,73,7,12,2
0,73,8,12,2
0,73,9,12,2
0,73,10,12,2
0,73,11,12,2
0,73,12,12,2
0,73,13,12,2
0,73,14,12,2
0,73,15,12,2
0,73,16,12,2
0,73,17,12,2
0,73,18,12,2
0,73,19,12,2
0,73,20,12,2
0,73,21,12,2
0,73,22,12,2
0,73,23,12,2
0,73,24,12,2
0,73,25,12,2
0,73,26,12,2
0,73,27,12,2
0,73,28,12,2
0,73,29,12,2
0,74,7,12,2
0,74,8,12,2
0,74,9,12,2
0,74,10,12,2
0,74,11,12,2
0,74,12,12,2
0,74,13,12,2
0,74,14,12,2
0,74,15,12,2
0,74,16,12,2
0,74,17,12,2
0,74,18,12,2
0,74,19,12,2
0,74,20,12,2
0,74,21,12,2
0,74,22,12,2
0,74,23,12,2
0,74,24,12,2
0,74,25,12,2
0,74,26,12,2
0,74,27,12,2
0,74,28,12,2
0,74,29,12,2
0,75,7,12,2
0,75,8,12,2
0,75,9,12,2
0,75,10,12,2
0,75,11,12,2
0,75,12,12,2
0,75,13,12,2
0,75,14,12,2
0,75,15,12,2
0,75,16,12,2
0,75,17,12,2
0,75,18,12,2
0,75,19,12,2
0,75,20,12,2
0,75,21,12,2
0,75,22,12,2
0,75,23,12,2
0,75,24,12,2
0,75,25,12,2
0,75,26,12,2
0,75,27,12,2
0,75,28,12,2
0,75,29,12,2
0,76,7,12,2
0,76,8,12,2
0,76,9,12,2
0,76,10,12,2
0,76,11,12,2
0,76,12,12,2
0,76,13,12,2
0,76,14,12,2
0,76,15,12,2
0,76,16,12,2
0,76,17,12,2
0,76,18,12,2
0,76,19,12,2
0,76,20,12,2
0,76,21,12,2
0,76,22,12,2
0,76,23,12,2
0,76,24,12,2
0,76,25,12,2
0,76,26,12,2
0,76,27,12,2
0,76,28,12,2
0,76,29,12,2
0,77,7,12,2
0,77,8,12,2
0,77,9,12,2
0,77,10,12,2
0,77,11,12,2
0,77,12,12,2
0,77,13,12,2
0,77,14,12,2
0,77,15,12,2
0,77,16,12,2
0,77,17,12,2
0,77,18,12,2
0,77,19,12,2
0,77,20,12,2
0,77,21,12,2
0,77,22,12,2
0,77,23,12,2
0,77,24,12,2
0,77,25,12,2
0,77,26,12,2
0,77,27,12,2
0,77,28,12,2
0,77,29,12,2
0,78,7,12,2
0,78,8,12,2
0,78,9,12,2
0,78,10,12,2
0,78,11,12,2
0,78,12,12,2
0,78,13,12,2
0,78,14,12,2
0,78,15,12,2
0,78,16,12,2
0,78,17,12,2
0,78,18,12,2
0,78,19,12,2
0,78,20,12,2
0,78,21,12,2
0,78,22,12,2
0,78,23,12,2
0,78,24,12,2
0,78,25,12,2
0,78,26,12,2
0,78,27,12,2
0,78,28,12,2
0,78,29,12,2
0,79,7,12,2
0,79,8,12,2
0,79,9,12,2
0,79,10,12,2
0,79,11,12,2
0,79,12,12,2
0,79,13,12,2
0,79,14,12,2
0,79,15,12,2
0,79,16,12,2
0,79,17,12,2
0,79,18,12,2
0,79,19,12,2
0,79,20,12,2
0,79,21,12,2
0,79,22,12,2
0,79,23,12,2
0,79,24,12,2
0,79,25,12,2
0,79,26,12,2
0,79,27,12,2
0,79,28,12,2
0,79,29,12,2
0,80,7,12,2
0,80,8,12,2
0,80,9,12,2
0,80,10,12,2
0,80,11,12,2
0,80,12,12,2
0,80,13,12,2
0,80,14,12,2
0,80,15,12,2
0,80,16,12,2
0,80,17,12,2
0,80,18,12,2
0,80,19,12,2
0,80,20,12,2
0,80,21,12,2
0,80,22,12,2
0,80,23,12,2
0,80,24,12,2
0,80,25,12,2
0,80,26,12,2
0,80,27,12,2
0,80,28,12,2
0,80,29,12,2
0,80,30,12,2
0,80,31,12,2
0,80,32,12,2
0,80,33,12,2
0,80,34,12,2
0,81,7,12,2
0,81,8,12,2
0,81,9,12,2
0,81,10,12,2
0,81,11,12,2
0,81,12,12,2
0,81,13,12,2
0,81,14,12,2
0,81,15,12,2
0,81,16,12,2
0,81,17,12,2
0,81,18,12,2
0,81,19,12,2
0,81,20,12,2
0,81,21,12,2
0,81,22,12,2
0,81,23,12,2
0,81,24,12,2
0,81,25,12,2
0,81,26,12,2
0,81,27,12,2
0,81,28,12,2
0,81,29,12,2
0,81,30,12,2
0,81,31,12,2
0,81,32,12,2
0,81,33,12,2
0,81,34,12,2
0,44,30,12,2
0,44,31,12,2
0,44,32,12,2
0,44,33,12,2
0,44,34,12,2
0,44,35,12,2
0,44,36,12,2
0,44,37,12,2
0,44,38,12,2
0,44,39,12,2
0,44,40,12,2
0,44,41,12,2
0,44,42,12,2
0,44,43,12,2
0,45,30,12,2
0,45,31,12,2
0,45,32,12,2
0,45,33,12,2
0,45,34,12,2
0,45,35,12,2
0,45,36,12,2
0,45,37,12,2
0,45,38,12,2
0,45,39,12,2
0,45,40,12,2
0,45,41,12,2
0,45,42,12,2
0,45,43,12,2
0,46,30,12,2
0,46,31,12,2
0,46,32,12,2
0,46,33,12,2
0,46,34,12,2
0,46,35,12,2
0,46,36,12,2
0,46,37,12,2
0,46,38,12,2
0,46,39,12,2
0,46,40,12,2
0,46,41,12,2
0,46,42,12,2
0,46,43,12,2
0,47,30,12,2
0,47,31,12,2
0,47,32,12,2
0,47,33,12,2
0,47,34,12,2
0,47,35,12,2
0,47,36,12,2
0,47,37,12,2
0,47,38,12,2
0,47,39,12,2
0,47,40,12,2
0,47,41,12,2
0,47,42,12,2
0,47,43,12,2
0,48,30,12,2
0,48,31,12,2
0,48,32,12,2
0,48,33,12,2
0,48,34,12,2
0,48,35,12,2
0,48,36,12,2
0,48,37,12,2
0,48,38,12,2
0,48,39,12,2
0,48,40,12,2
0,48,41,12,2
0,48,42,12,2
0,48,43,12,2
0,49,30,12,2
0,49,31,12,2
0,49,32,12,2
0,49,33,12,2
0,49,34,12,2
0,49,35,12,2
0,49,36,12,2
0,49,37,12,2
0,49,38,12,2
0,49,39,12,2
0,49,40,12,2
0,49,41,12,2
0,49,42,12,2
0,49,43,12,2
0,50,30,12,2
0,50,31,12,2
0,50,32,12,2
0,50,33,12,2
0,50,34,12,2
0,50,35,12,2
0,50,36,12,2
0,50,37,12,2
0,50,38,12,2
0,50,39,12,2
0,50,40,12,2
0,50,41,12,2
0,50,42,12,2
0,50,43,12,2
0,51,30,12,2
0,51,31,12,2
0,51,32,12,2
0,51,33,12,2
0,51,34,12,2
0,51,35,12,2
0,51,36,12,2
0,51,37,12,2
0,51,38,12,2
0,51,39,12,2
0,51,40,12,2
0,51,41,12,2
0,51,42,12,2
0,51,43,12,2
0,52,30,12,2
0,52,31,12,2
0,52,32,12,2
0,52,33,12,2
0,52,34,12,2
0,52,35,12,2
0,52,36,12,2
0,52,37,12,2
0,52,38,12,2
0,52,39,12,2
0,52,40,12,2
0,52,41,12,2
0,52,42,12,2
0,52,43,12,2
0,53,30,12,2
0,53,31,12,2
0,53,32,12,2
0,53,33,12,2
0,53,34,12,2
0,53,35,12,2
0,53,36,12,2
0,53,37,12,2
0,53,38,12,2
0,53,39,12,2
0,53,40,12,2
0,53,41,12,2
0,53,42,12,2
0,53,43,12,2
0,54,30,12,2
0,54,31,12,2
0,54,32,12,2
0,54,33,12,2
0,54,34,12,2
0,54,35,12,2
0,54,36,12,2
0,54,37,12,2
0,54,38,12,2
0,54,39,12,2
0,54,40,12,2
0,54,41,12,2
0,54,42,12,2
0,54,43,12,2
0,55,30,12,2
0,55,31,12,2
0,55,32,12,2
0,55,33,12,2
0,55,34,12,2
0,55,35,12,2
0,55,36,12,2
0,55,37,12,2
0,55,38,12,2
0,55,39,12,2
0,55,40,12,2
0,55,41,12,2
0,55,42,12,2
0,55,43,12,2
0,56,30,12,2
0,56,31,12,2
0,56,32,12,2
0,56,33,12,2
0,56,34,12,2
0,56,35,12,2
0,56,36,12,2
0,56,37,12,2
0,56,38,12,2
0,56,39,12,2
0,56,40,12,2
0,56,41,12,2
0,56,42,12,2
0,56,43,12,2
0,57,30,12,2
0,57,31,12,2
0,57,32,12,2
0,57,33,12,2
0,57,34,12,2
0,57,35,12,2
0,57,36,12,2
0,57,37,12,2
0,57,38,12,2
0,57,39,12,2
0,57,40,12,2
0,57,41,12,2
0,57,42,12,2
0,57,43,12,2
0,58,30,12,2
0,58,31,12,2
0,58,32,12,2
0,58,33,12,2
0,58,34,12,2
0,58,35,12,2
0,58,36,12,2
0,58,37,12,2
0,58,38,12,2
0,58,39,12,2
0,58,40,12,2
0,58,41,12,2
0,58,42,12,2
0,58,43,12,2
0,59,30,12,2
0,59,31,12,2
0,59,32,12,2
0,59,33,12,2
0,59,34,12,2
0,59,35,12,2
0,59,36,12,2
0,59,37,12,2
0,59,38,12,2
0,59,39,12,2
0,59,40,12,2
0,59,41,12,2
0,59,42,12,2
0,59,43,12,2
0,60,30,12,2
0,60,31,12,2
0,60,32,12,2
0,60,33,12,2
0,60,34,12,2
0,60,35,12,2
0,60,36,12,2
0,60,37,12,2
0,60,38,12,2
0,60,39,12,2
0,60,40,12,2
0,60,41,12,2
0,60,42,12,2
0,60,43,12,2
0,61,30,12,2
0,61,31,12,2
0,61,32,12,2
0,61,33,12,2
0,61,34,12,2
0,61,35,12,2
0,61,36,12,2
0,61,37,12,2
0,61,38,12,2
0,61,39,12,2
0,61,40,12,2
0,61,41,12,2
0,61,42,12,2
0,61,43,12,2
0,62,30,12,2
0,62,31,12,2
0,62,32,12,2
0,62,33,12,2
0,62,34,12,2
0,62,35,12,2
0,62,36,12,2
0,62,37,12,2
0,62,38,12,2
0,62,39,12,2
0,62,40,12,2
0,62,41,12,2
0,62,42,12,2
0,62,43,12,2
0,63,30,12,2
0,63,31,12,2
0,63,32,12,2
0,63,33,12,2
0,63,34,12,2
0,63,35,12,2
0,63,36,12,2
0,63,37,12,2
0,63,38,12,2
0,63,39,12,2
0,63,40,12,2
0,63,41,12,2
0,63,42,12,2
0,63,43,12,2
0,64,30,12,2
0,64,31,12,2
0,64,32,12,2
0,64,33,12,2
0,64,34,12,2
0,64,35,12,2
0,64,36,12,2
0,64,37,12,2
0,64,38,12,2
0,64,39,12,2
0,64,40,12,2
0,64,41,12,2
0,64,42,12,2
0,64,43,12,2
0,65,30,12,2
0,65,31,12,2
0,65,32,12,2
0,65,33,12,2
0,65,34,12,2
0,65,35,12,2
0,65,36,12,2
0,65,37,12,2
0,65,38,12,2
0,65,39,12,2
0,65,40,12,2
0,65,41,12,2
0,65,42,12,2
0,65,43,12,2
0,66,30,12,2
0,66,31,12,2
0,66,32,12,2
0,66,33,12,2
0,66,34,12,2
0,66,35,12,2
0,66,36,12,2
0,66,37,12,2
0,66,38,12,2
0,66,39,12,2
0,66,40,12,2
0,66,41,12,2
0,66,42,12,2
0,66,43,12,2
0,67,30,12,2
0,67,31,12,2
0,67,32,12,2
0,67,33,12,2
0,67,34,12,2
0,67,35,12,2
0,67,36,12,2
0,67,37,12,2
0,67,38,12,2
0,67,39,12,2
0,67,40,12,2
0,67,41,12,2
0,67,42,12,2
0,67,43,12,2
0,68,30,12,2
0,68,31,12,2
0,68,32,12,2
0,68,33,12,2
0,68,34,12,2
0,68,35,12,2
0,68,36,12,2
0,68,37,12,2
0,68,38,12,2
0,68,39,12,2
0,68,40,12,2
0,68,41,12,2
0,68,42,12,2
0,68,43,12,2
0,69,30,12,2
0,69,31,12,2
0,69,32,12,2
0,69,33,12,2
0,69,34,12,2
0,69,35,12,2
0,69,36,12,2
0,69,37,12,2
0,69,38,12,2
0,69,39,12,2
0,69,40,12,2
0,69,41,12,2
0,69,42,12,2
0,69,43,12,2
0,70,30,12,2
0,70,31,12,2
0,70,32,12,2
0,70,33,12,2
0,70,34,12,2
0,70,35,12,2
0,70,36,12,2
0,70,37,12,2
0,70,38,12,2
0,70,39,12,2
0,70,40,12,2
0,70,41,12,2
0,70,42,12,2
0,70,43,12,2
0,71,30,12,2
0,71,31,12,2
0,71,32,12,2
0,71,33,12,2
0,71,34,12,2
0,71,35,12,2
0,71,36,12,2
0,71,37,12,2
0,71,38,12,2
0,71,39,12,2
0,71,40,12,2
0,71,41,12,2
0,71,42,12,2
0,71,43,12,2
0,72,30,12,2
0,72,31,12,2
0,72,32,12,2
0,72,33,12,2
0,72,34,12,2
0,72,35,12,2
0,72,36,12,2
0,72,37,12,2
0,72,38,12,2
0,72,39,12,2
0,72,40,12,2
0,72,41,12,2
0,72,42,12,2
0,72,43,12,2
0,73,30,12,2
0,73,31,12,2
0,73,32,12,2
0,73,33,12,2
0,73,34,12,2
0,73,35,12,2
0,73,36,12,2
0,73,37,12,2
0,73,38,12,2
0,73,39,12,2
0,73,40,12,2
0,73,41,12,2
0,73,42,12,2
0,73,43,12,2
0,74,30,12,2
0,74,31,12,2
0,74,32,12,2
0,74,33,12,2
0,74,34,12,2
0,74,35,12,2
0,74,36,12,2
0,74,37,12,2
0,74,38,12,2
0,74,39,12,2
0,74,40,12,2
0,74,41,12,2
0,74,42,12,2
0,74,43,12,2
0,75,30,12,2
0,75,31,12,2
0,75,32,12,2
0,75,33,12,2
0,75,34,12,2
0,75,35,12,2
0,75,36,12,2
0,75,37,12,2
0,75,38,12,2
0,75,39,12,2
0,75,40,12,2
0,75,41,12,2
0,75,42,12,2
0,75,43,12,2
0,76,30,12,2
0,76,31,12,2
0,76,32,12,2
0,76,33,12,2
0,76,34,12,2
0,76,35,12,2
0,76,36,12,2
0,76,37,12,2
0,76,38,12,2
0,76,39,12,2
0,76,40,12,2
0,76,41,12,2
0,76,42,12,2
0,76,43,12,2
0,77,30,12,2
0,77,31,12,2
0,77,32,12,2
0,77,33,12,2
0,77,34,12,2
0,77,35,12,2
0,77,36,12,2
0,77,37,12,2
0,77,38,12,2
0,77,39,12,2
0,77,40,12,2
0,77,41,12,2
0,77,42,12,2
0,77,43,12,2
0,78,30,12,2
0,78,31,12,2
0,78,32,12,2
0,78,33,12,2
0,78,34,12,2
0,79,30,12,2
0,79,31,12,2
0,79,32,12,2
0,79,33,12,2
0,79,34,12,2
0,78,35,12,2
0,78,36,12,2
0,78,37,12,2
0,78,38,12,2
0,78,39,12,2
0,78,40,12,2
0,78,41,12,2
0,78,42,12,2
0,78,43,12,2
0,79,35,12,2
0,79,36,12,2
0,79,37,12,2
0,79,38,12,2
0,79,39,12,2
0,79,40,12,2
0,79,41,12,2
0,79,42,12,2
0,79,43,12,2
0,80,35,12,2
0,80,36,12,2
0,80,37,12,2
0,80,38,12,2
0,80,39,12,2
0,80,40,12,2
0,80,41,12,2
0,80,42,12,2
0,80,43,12,2
0,81,35,12,2
0,81,36,12,2
0,81,37,12,2
0,81,38,12,2
0,81,39,12,2
0,81,40,12,2
0,81,41,12,2
0,81,42,12,2
0,81,43,12,2
0,82,35,12,2
0,82,36,12,2
0,82,37,12,2
0,82,38,12,2
0,82,39,12,2
0,82,40,12,2
0,82,41,12,2
0,82,42,12,2
0,82,43,12,2
0,83,35,12,2
0,83,36,12,2
0,83,37,12,2
0,83,38,12,2
0,83,39,12,2
0,83,40,12,2
0,83,41,12,2
0,83,42,12,2
0,83,43,12,2
0,84,35,12,2
0,84,36,12,2
0,84,37,12,2
0,84,38,12,2
0,84,39,12,2
0,84,40,12,2
0,84,41,12,2
0,84,42,12,2
0,84,43,12,2
0,82,5,12,2
0,82,6,12,2
0,82,7,12,2
0,82,8,12,2
0,82,9,12,2
0,82,10,12,2
0,82,11,12,2
0,82,12,12,2
0,82,13,12,2
0,82,14,12,2
0,82,15,12,2
0,82,16,12,2
0,82,17,12,2
0,82,18,12,2
0,82,19,12,2
0,82,20,12,2
0,82,21,12,2
0,82,22,12,2
0,82,23,12,2
0,82,24,12,2
0,82,25,12,2
0,82,26,12,2
0,82,27,12,2
0,82,28,12,2
0,82,29,12,2
0,82,30,12,2
0,82,31,12,2
0,82,32,12,2
0,82,33,12,2
0,82,34,12,2
0,83,5,12,2
0,83,6,12,2
0,83,7,12,2
0,83,8,12,2
0,83,9,12,2
0,83,10,12,2
0,83,11,12,2
0,83,12,12,2
0,83,13,12,2
0,83,14,12,2
0,83,15,12,2
0,83,16,12,2
0,83,17,12,2
0,83,18,12,2
0,83,19,12,2
0,83,20,12,2
0,83,21,12,2
0,83,22,12,2
0,83,23,12,2
0,83,24,12,2
0,83,25,12,2
0,83,26,12,2
0,83,27,12,2
0,83,28,12,2
0,83,29,12,2
0,83,30,12,2
0,83,31,12,2
0,83,32,12,2
0,83,33,12,2
0,83,34,12,2
0,84,5,12,2
0,84,6,12,2
0,84,7,12,2
0,84,8,12,2
0,84,9,12,2
0,84,10,12,2
0,84,11,12,2
0,84,12,12,2
0,84,13,12,2
0,84,14,12,2
0,84,15,12,2
0,84,16,12,2
0,84,17,12,2
0,84,18,12,2
0,84,19,12,2
0,84,20,12,2
0,84,21,12,2
0,84,22,12,2
0,84,23,12,2
0,84,24,12,2
0,84,25,12,2
0,84,26,12,2
0,84,27,12,2
0,84,28,12,2
0,84,29,12,2
0,84,30,12,2
0,84,31,12,2
0,84,32,12,2
0,84,33,12,2
0,84,34,12,2
0,85,5,12,2
0,85,6,12,2
0,85,7,12,2
0,85,8,12,2
0,85,9,12,2
0,85,10,12,2
0,85,11,12,2
0,85,12,12,2
0,85,13,12,2
0,85,14,12,2
0,85,15,12,2
0,85,16,12,2
0,85,17,12,2
0,85,18,12,2
0,85,19,12,2
0,85,20,12,2
0,85,21,12,2
0,85,22,12,2
0,85,23,12,2
0,85,24,12,2
0,85,25,12,2
0,85,26,12,2
0,85,27,12,2
0,85,28,12,2
0,85,29,12,2
0,85,30,12,2
0,85,31,12,2
0,85,32,12,2
0,85,33,12,2
0,85,34,12,2
0,86,5,12,2
0,86,6,12,2
0,86,7,12,2
0,86,8,12,2
0,86,9,12,2
0,86,10,12,2
0,86,11,12,2
0,86,12,12,2
0,86,13,12,2
0,86,14,12,2
0,86,15,12,2
0,86,16,12,2
0,86,17,12,2
0,86,18,12,2
0,86,19,12,2
0,86,20,12,2
0,86,21,12,2
0,86,22,12,2
0,86,23,12,2
0,86,24,12,2
0,86,25,12,2
0,86,26,12,2
0,86,27,12,2
0,86,28,12,2
0,86,29,12,2
0,86,30,12,2
0,86,31,12,2
0,86,32,12,2
0,86,33,12,2
0,86,34,12,2
0,87,5,12,2
0,87,6,12,2
0,87,7,12,2
0,87,8,12,2
0,87,9,12,2
0,87,10,12,2
0,87,11,12,2
0,87,12,12,2
0,87,13,12,2
0,87,14,12,2
0,87,15,12,2
0,87,16,12,2
0,87,17,12,2
0,87,18,12,2
0,87,19,12,2
0,87,20,12,2
0,87,21,12,2
0,87,22,12,2
0,87,23,12,2
0,87,24,12,2
0,87,25,12,2
0,87,26,12,2
0,87,27,12,2
0,87,28,12,2
0,87,29,12,2
0,87,30,12,2
0,87,31,12,2
0,87,32,12,2
0,87,33,12,2
0,87,34,12,2
0,88,5,12,2
0,88,6,12,2
0,88,7,12,2
0,88,8,12,2
0,88,9,12,2
0,88,10,12,2
0,88,11,12,2
0,88,12,12,2
0,88,13,12,2
0,88,14,12,2
0,88,15,12,2
0,88,16,12,2
0,88,17,12,2
0,88,18,12,2
0,88,19,12,2
0,88,20,12,2
0,88,21,12,2
0,88,22,12,2
0,88,23,12,2
0,88,24,12,2
0,88,25,12,2
0,88,26,12,2
0,88,27,12,2
0,88,28,12,2
0,88,29,12,2
0,88,30,12,2
0,88,31,12,2
0,88,32,12,2
0,88,33,12,2
0,88,34,12,2
0,89,5,12,2
0,89,6,12,2
0,89,7,12,2
0,89,8,12,2
0,89,9,12,2
0,89,10,12,2
0,89,11,12,2
0,89,12,12,2
0,89,13,12,2
0,89,14,12,2
0,89,15,12,2
0,89,16,12,2
0,89,17,12,2
0,89,18,12,2
0,89,19,12,2
0,89,20,12,2
0,89,21,12,2
0,89,22,12,2
0,89,23,12,2
0,89,24,12,2
0,89,25,12,2
0,89,26,12,2
0,89,27,12,2
0,89,28,12,2
0,89,29,12,2
0,89,30,12,2
0,89,31,12,2
0,89,32,12,2
0,89,33,12,2
0,89,34,12,2
0,90,5,12,2
0,90,6,12,2
0,90,7,12,2
0,90,8,12,2
0,90,9,12,2
0,90,10,12,2
0,90,11,12,2
0,90,12,12,2
0,90,13,12,2
0,90,14,12,2
0,90,15,12,2
0,90,16,12,2
0,90,17,12,2
0,90,18,12,2
0,90,19,12,2
0,90,20,12,2
0,90,21,12,2
0,90,22,12,2
0,90,23,12,2
0,90,24,12,2
0,90,25,12,2
0,90,26,12,2
0,90,27,12,2
0,90,28,12,2
0,90,29,12,2
0,90,30,12,2
0,90,31,12,2
0,90,32,12,2
0,90,33,12,2
0,90,34,12,2
0,91,5,12,2
0,91,6,12,2
0,91,7,12,2
0,91,8,12,2
0,91,9,12,2
0,91,10,12,2
0,91,11,12,2
0,91,12,12,2
0,91,13,12,2
0,91,14,12,2
0,91,15,12,2
0,91,16,12,2
0,91,17,12,2
0,91,18,12,2
0,91,19,12,2
0,91,20,12,2
0,91,21,12,2
0,91,22,12,2
0,91,23,12,2
0,91,24,12,2
0,91,25,12,2
0,91,26,12,2
0,91,27,12,2
0,91,28,12,2
0,91,29,12,2
0,91,30,12,2
0,91,31,12,2
0,91,32,12,2
0,91,33,12,2
0,91,34,12,2
0,85,35,12,2
0,85,36,12,2
0,85,37,12,2
0,85,38,12,2
0,85,39,12,2
0,85,40,12,2
0,85,41,12,2
0,85,42,12,2
0,85,43,12,2
0,86,35,12,2
0,86,36,12,2
0,86,37,12,2
0,86,38,12,2
0,86,39,12,2
0,86,40,12,2
0,86,41,12,2
0,86,42,12,2
0,86,43,12,2
0,87,35,12,2
0,87,36,12,2
0,87,37,12,2
0,87,38,12,2
0,87,39,12,2
0,87,40,12,2
0,87,41,12,2
0,87,42,12,2
0,87,43,12,2
0,88,35,12,2
0,88,36,12,2
0,88,37,12,2
0,88,38,12,2
0,88,39,12,2
0,88,40,12,2
0,88,41,12,2
0,88,42,12,2
0,88,43,12,2
0,89,35,12,2
0,89,36,12,2
0,89,37,12,2
0,89,38,12,2
0,89,39,12,2
0,89,40,12,2
0,89,41,12,2
0,89,42,12,2
0,89,43,12,2
0,90,35,12,2
0,90,36,12,2
0,90,37,12,2
0,90,38,12,2
0,90,39,12,2
0,90,40,12,2
0,90,41,12,2
0,90,42,12,2
0,90,43,12,2
0,91,35,12,2
0,91,36,12,2
0,91,37,12,2
0,91,38,12,2
0,91,39,12,2
0,91,40,12,2
0,91,41,12,2
0,91,42,12,2
0,91,43,12,2
